strategy_id,ticker,name,ISU_CD,signal_date,entry_execution_date,entry_price_raw_open,exit_signal_date,exit_execution_date,exit_or_terminal_date,exit_price_raw_open,terminal_price_raw,gross_return_pct,commission_slippage_pre_tax_return_pct,commission_rate_each_side,slippage_rate_each_side,ETF_sell_tax_rate,trade_status,exit_reason,holding_krx_sessions_inclusive,common_evaluable_start,cutoff_date,price_source,eligibility_policy_id,category,common_start_group,v06_common_evaluable_start,source_signal_details,canonical_trade_id
JULIA_STRATEGY_V00,069500,KODEX 200,KR7069500007,2017-01-06,2017-01-09,26700.0,2021-07-31,2021-08-02,2021-08-02,42685.0,42685.0,59.868913857677896,59.50163777838786,0.00015,0.001,0.0,REALIZED,EXIT4_SCORE_DRAWDOWN_GE_15,1122,2017-01-06,2026-08-31,KRX_RAW_ETF_OHLCV,ETF_PIT_LISTED_2Y_CLOSE_1000_VOL20_10000_V01,MARKET_INDEX,B,2017-01-31,"""{\""canonical_entry_stage\"": \""TRANSITION\"", \""canonical_exit_type\"": \""EXIT4_SCORE_DRAWDOWN_GE_15\"", \""canonical_trade_id\"": \""069500_01\"", \""julia_support_fill_adapter\"": false}""",
JULIA_STRATEGY_V00,069660,KIWOOM 200,KR7069660009,2017-01-06,2017-01-09,26605.0,2021-07-31,2021-08-02,2021-08-02,42680.0,42680.0,60.420973501221575,60.05242914346183,0.00015,0.001,0.0,REALIZED,EXIT4_SCORE_DRAWDOWN_GE_15,1122,2017-01-06,2026-08-31,KRX_RAW_ETF_OHLCV,ETF_PIT_LISTED_2Y_CLOSE_1000_VOL20_10000_V01,MARKET_INDEX,B,2017-01-31,"""{\""canonical_entry_stage\"": \""TRANSITION\"", \""canonical_exit_type\"": \""EXIT4_SCORE_DRAWDOWN_GE_15\"", \""canonical_trade_id\"": \""069660_01\"", \""julia_support_fill_adapter\"": false}""",
JULIA_STRATEGY_V00,091170,KODEX 은행,KR7091170001,2017-01-06,2017-01-09,7220.0,2018-05-31,2018-06-01,2018-06-01,8155.0,8155.0,12.950138504155117,12.690651634418803,0.00015,0.001,0.0,REALIZED,EXIT3_PROGRESSED_TO_TRANSITION,341,2017-01-06,2026-08-31,KRX_RAW_ETF_OHLCV,ETF_PIT_LISTED_2Y_CLOSE_1000_VOL20_10000_V01,SECTOR_INDUSTRY,B,2017-01-31,"""{\""canonical_entry_stage\"": \""TRANSITION\"", \""canonical_exit_type\"": \""EXIT3_PROGRESSED_TO_TRANSITION\"", \""canonical_trade_id\"": \""091170_01\"", \""julia_support_fill_adapter\"": false}""",
JULIA_STRATEGY_V00,102110,TIGER 200,KR7102110004,2017-01-06,2017-01-09,26705.0,2021-07-31,2021-08-02,2021-08-02,42600.0,42600.0,59.52068900954877,59.15421292729284,0.00015,0.001,0.0,REALIZED,EXIT4_SCORE_DRAWDOWN_GE_15,1122,2017-01-06,2026-08-31,KRX_RAW_ETF_OHLCV,ETF_PIT_LISTED_2Y_CLOSE_1000_VOL20_10000_V01,MARKET_INDEX,B,2017-01-31,"""{\""canonical_entry_stage\"": \""TRANSITION\"", \""canonical_exit_type\"": \""EXIT4_SCORE_DRAWDOWN_GE_15\"", \""canonical_trade_id\"": \""102110_01\"", \""julia_support_fill_adapter\"": false}""",
JULIA_STRATEGY_V00,105190,ACE 200,KR7105190003,2017-01-06,2017-01-09,26755.0,2021-07-31,2021-08-02,2021-08-02,42725.0,42725.0,59.68977761166136,59.32291307240436,0.00015,0.001,0.0,REALIZED,EXIT4_SCORE_DRAWDOWN_GE_15,1122,2017-01-06,2026-08-31,KRX_RAW_ETF_OHLCV,ETF_PIT_LISTED_2Y_CLOSE_1000_VOL20_10000_V01,MARKET_INDEX,B,2017-01-31,"""{\""canonical_entry_stage\"": \""TRANSITION\"", \""canonical_exit_type\"": \""EXIT4_SCORE_DRAWDOWN_GE_15\"", \""canonical_trade_id\"": \""105190_01\"", \""julia_support_fill_adapter\"": false}""",
JULIA_STRATEGY_V00,117460,KODEX 에너지화학,KR7117460006,2017-01-06,2017-01-09,11040.0,2021-03-31,2021-04-01,2021-04-01,19130.0,19130.0,73.27898550724639,72.88090169667443,0.00015,0.001,0.0,REALIZED,EXIT4_SCORE_DRAWDOWN_GE_15,1037,2017-01-06,2026-08-31,KRX_RAW_ETF_OHLCV,ETF_PIT_LISTED_2Y_CLOSE_1000_VOL20_10000_V01,SECTOR_INDUSTRY,B,2017-01-31,"""{\""canonical_entry_stage\"": \""TRANSITION\"", \""canonical_exit_type\"": \""EXIT4_SCORE_DRAWDOWN_GE_15\"", \""canonical_trade_id\"": \""117460_01\"", \""julia_support_fill_adapter\"": false}""",
JULIA_STRATEGY_V00,138910,KODEX 구리선물(H),KR7138910005,2017-01-06,2017-01-09,5525.0,2022-04-30,2022-05-02,2022-05-02,8035.0,8035.0,45.42986425339366,45.09575983580676,0.00015,0.001,0.0,REALIZED,EXIT3_PROGRESSED_TO_TRANSITION,1305,2017-01-06,2026-08-31,KRX_RAW_ETF_OHLCV,ETF_PIT_LISTED_2Y_CLOSE_1000_VOL20_10000_V01,COMMODITY_RESOURCE,B,2017-01-31,"""{\""canonical_entry_stage\"": \""TRANSITION\"", \""canonical_exit_type\"": \""EXIT3_PROGRESSED_TO_TRANSITION\"", \""canonical_trade_id\"": \""138910_01\"", \""julia_support_fill_adapter\"": false}""",
JULIA_STRATEGY_V00,148020,RISE 200,KR7148020001,2017-01-06,2017-01-09,26815.0,2021-07-31,2021-08-02,2021-08-02,42605.0,42605.0,58.88495245198584,58.519936884001766,0.00015,0.001,0.0,REALIZED,EXIT4_SCORE_DRAWDOWN_GE_15,1122,2017-01-06,2026-08-31,KRX_RAW_ETF_OHLCV,ETF_PIT_LISTED_2Y_CLOSE_1000_VOL20_10000_V01,MARKET_INDEX,B,2017-01-31,"""{\""canonical_entry_stage\"": \""TRANSITION\"", \""canonical_exit_type\"": \""EXIT4_SCORE_DRAWDOWN_GE_15\"", \""canonical_trade_id\"": \""148020_01\"", \""julia_support_fill_adapter\"": false}""",
JULIA_STRATEGY_V00,152100,PLUS 200,KR7152100004,2017-01-06,2017-01-09,26840.0,2021-07-31,2021-08-02,2021-08-02,43110.0,43110.0,60.618479880774956,60.249481780214545,0.00015,0.001,0.0,REALIZED,EXIT4_SCORE_DRAWDOWN_GE_15,1122,2017-01-06,2026-08-31,KRX_RAW_ETF_OHLCV,ETF_PIT_LISTED_2Y_CLOSE_1000_VOL20_10000_V01,MARKET_INDEX,B,2017-01-31,"""{\""canonical_entry_stage\"": \""TRANSITION\"", \""canonical_exit_type\"": \""EXIT4_SCORE_DRAWDOWN_GE_15\"", \""canonical_trade_id\"": \""152100_01\"", \""julia_support_fill_adapter\"": false}""",
JULIA_STRATEGY_V00,152870,파워 200,KR7152870002,2017-01-06,2017-01-09,27160.0,2021-07-31,2021-08-02,2021-08-02,43670.0,43670.0,60.787923416789404,60.41853604381782,0.00015,0.001,0.0,REALIZED,EXIT4_SCORE_DRAWDOWN_GE_15,1122,2017-01-06,2026-08-31,KRX_RAW_ETF_OHLCV,ETF_PIT_LISTED_2Y_CLOSE_1000_VOL20_10000_V01,MARKET_INDEX,B,2017-01-31,"""{\""canonical_entry_stage\"": \""TRANSITION\"", \""canonical_exit_type\"": \""EXIT4_SCORE_DRAWDOWN_GE_15\"", \""canonical_trade_id\"": \""152870_01\"", \""julia_support_fill_adapter\"": false}""",
JULIA_STRATEGY_V00,169950,KODEX 차이나A50,KR7169950003,2017-01-06,2017-01-09,13280.0,,,2026-08-31,,25250.0,90.1355421686747,89.91710900575174,0.00015,0.001,0.0,OPEN_AT_CUTOFF,NO_PROGRESSED_BEFORE_CUTOFF,2363,2017-01-06,2026-08-31,KRX_RAW_ETF_OHLCV,ETF_PIT_LISTED_2Y_CLOSE_1000_VOL20_10000_V01,MARKET_INDEX,B,2017-01-31,"""{\""canonical_entry_stage\"": \""TRANSITION\"", \""canonical_exit_type\"": \""NO_PROGRESSED_BEFORE_CUTOFF\"", \""canonical_trade_id\"": \""169950_01\"", \""julia_support_fill_adapter\"": false}""",
JULIA_STRATEGY_V00,122090,PLUS 코스피50,KR7122090004,2017-01-20,2017-01-23,17895.0,2022-02-28,2022-03-02,2022-03-02,25545.0,25545.0,42.74937133277452,42.42142496622263,0.00015,0.001,0.0,REALIZED,EXIT3_PROGRESSED_TO_TRANSITION,1253,2017-01-06,2026-08-31,KRX_RAW_ETF_OHLCV,ETF_PIT_LISTED_2Y_CLOSE_1000_VOL20_10000_V01,MARKET_INDEX,B,2017-01-31,"""{\""canonical_entry_stage\"": \""TRANSITION\"", \""canonical_exit_type\"": \""EXIT3_PROGRESSED_TO_TRANSITION\"", \""canonical_trade_id\"": \""122090_01\"", \""julia_support_fill_adapter\"": false}""",
JULIA_STRATEGY_V00,091230,TIGER 반도체,KR7091230003,2017-03-03,2017-03-06,19955.0,2021-04-30,2021-05-03,2021-05-03,38300.0,38300.0,91.9318466549737,91.49091055032798,0.00015,0.001,0.0,REALIZED,EXIT4_SCORE_DRAWDOWN_GE_15,1022,2017-01-06,2026-08-31,KRX_RAW_ETF_OHLCV,ETF_PIT_LISTED_2Y_CLOSE_1000_VOL20_10000_V01,SECTOR_INDUSTRY,B,2017-01-31,"""{\""canonical_entry_stage\"": \""TRANSITION\"", \""canonical_exit_type\"": \""EXIT4_SCORE_DRAWDOWN_GE_15\"", \""canonical_trade_id\"": \""091230_01\"", \""julia_support_fill_adapter\"": false}""",
JULIA_STRATEGY_V00,117680,KODEX 철강,KR7117680009,2017-03-03,2017-03-06,9835.0,2021-07-31,2021-08-02,2021-08-02,10685.0,10685.0,8.642602948652778,8.393012028867265,0.00015,0.001,0.0,REALIZED,EXIT4_SCORE_DRAWDOWN_GE_15,1085,2017-01-06,2026-08-31,KRX_RAW_ETF_OHLCV,ETF_PIT_LISTED_2Y_CLOSE_1000_VOL20_10000_V01,SECTOR_INDUSTRY,B,2017-01-31,"""{\""canonical_entry_stage\"": \""TRANSITION\"", \""canonical_exit_type\"": \""EXIT4_SCORE_DRAWDOWN_GE_15\"", \""canonical_trade_id\"": \""117680_01\"", \""julia_support_fill_adapter\"": false}""",
JULIA_STRATEGY_V00,139230,TIGER 200 중공업,KR7139230007,2017-03-17,2017-03-20,3640.0,2021-09-30,2021-10-01,2021-10-01,3330.0,3330.0,-8.51648351648352,-8.726653876955503,0.00015,0.001,0.0,REALIZED,EXIT4_SCORE_DRAWDOWN_GE_15,1115,2017-01-06,2026-08-31,KRX_RAW_ETF_OHLCV,ETF_PIT_LISTED_2Y_CLOSE_1000_VOL20_10000_V01,MARKET_INDEX,B,2017-01-31,"""{\""canonical_entry_stage\"": \""TRANSITION\"", \""canonical_exit_type\"": \""EXIT4_SCORE_DRAWDOWN_GE_15\"", \""canonical_trade_id\"": \""139230_01\"", \""julia_support_fill_adapter\"": false}""",
JULIA_STRATEGY_V00,157500,TIGER 증권,KR7157500000,2017-03-17,2017-03-20,4250.0,,,2026-08-31,,12470.0,193.41176470588235,193.074684857094,0.00015,0.001,0.0,OPEN_AT_CUTOFF,NO_EXIT_BEFORE_CUTOFF,2316,2017-01-06,2026-08-31,KRX_RAW_ETF_OHLCV,ETF_PIT_LISTED_2Y_CLOSE_1000_VOL20_10000_V01,SECTOR_INDUSTRY,B,2017-01-31,"""{\""canonical_entry_stage\"": \""TRANSITION\"", \""canonical_exit_type\"": \""NO_EXIT_BEFORE_CUTOFF\"", \""canonical_trade_id\"": \""157500_01\"", \""julia_support_fill_adapter\"": false}""",
JULIA_STRATEGY_V00,091220,TIGER 은행,KR7091220004,2017-03-31,2017-04-03,7960.0,2018-05-31,2018-06-01,2018-06-01,8310.0,8310.0,4.396984924623126,4.157147708071118,0.00015,0.001,0.0,REALIZED,EXIT3_PROGRESSED_TO_TRANSITION,284,2017-01-06,2026-08-31,KRX_RAW_ETF_OHLCV,ETF_PIT_LISTED_2Y_CLOSE_1000_VOL20_10000_V01,SECTOR_INDUSTRY,B,2017-01-31,"""{\""canonical_entry_stage\"": \""EARLY_TREND\"", \""canonical_exit_type\"": \""EXIT3_PROGRESSED_TO_TRANSITION\"", \""canonical_trade_id\"": \""091220_01\"", \""julia_support_fill_adapter\"": false}""",
JULIA_STRATEGY_V00,102970,KODEX 증권,KR7102970001,2017-03-31,2017-04-03,6400.0,2025-09-30,2025-10-01,2025-10-01,13995.0,13995.0,118.67187499999999,118.1695074854968,0.00015,0.001,0.0,REALIZED,EXIT4_SCORE_DRAWDOWN_GE_15,2086,2017-01-06,2026-08-31,KRX_RAW_ETF_OHLCV,ETF_PIT_LISTED_2Y_CLOSE_1000_VOL20_10000_V01,SECTOR_INDUSTRY,B,2017-01-31,"""{\""canonical_entry_stage\"": \""TRANSITION\"", \""canonical_exit_type\"": \""EXIT4_SCORE_DRAWDOWN_GE_15\"", \""canonical_trade_id\"": \""102970_01\"", \""julia_support_fill_adapter\"": false}""",
JULIA_STRATEGY_V00,139270,TIGER 200 금융,KR7139270003,2017-05-12,2017-05-15,8185.0,,,2026-08-31,,17080.0,108.67440439828955,108.4346732588409,0.00015,0.001,0.0,OPEN_AT_CUTOFF,NO_EXIT_BEFORE_CUTOFF,2280,2017-01-06,2026-08-31,KRX_RAW_ETF_OHLCV,ETF_PIT_LISTED_2Y_CLOSE_1000_VOL20_10000_V01,SECTOR_INDUSTRY,B,2017-01-31,"""{\""canonical_entry_stage\"": \""TRANSITION\"", \""canonical_exit_type\"": \""NO_EXIT_BEFORE_CUTOFF\"", \""canonical_trade_id\"": \""139270_01\"", \""julia_support_fill_adapter\"": false}""",
JULIA_STRATEGY_V00,143860,TIGER 헬스케어,KR7143860005,2017-06-02,2017-06-05,26050.0,2018-05-31,2018-06-01,2018-06-01,41760.0,41760.0,60.30710172744722,59.93881897388309,0.00015,0.001,0.0,REALIZED,EXIT4_SCORE_DRAWDOWN_GE_15,243,2017-01-06,2026-08-31,KRX_RAW_ETF_OHLCV,ETF_PIT_LISTED_2Y_CLOSE_1000_VOL20_10000_V01,SECTOR_INDUSTRY,B,2017-01-31,"""{\""canonical_entry_stage\"": \""TRANSITION\"", \""canonical_exit_type\"": \""EXIT4_SCORE_DRAWDOWN_GE_15\"", \""canonical_trade_id\"": \""143860_01\"", \""julia_support_fill_adapter\"": false}""",
JULIA_STRATEGY_V00,157490,TIGER 소프트웨어,KR7157490004,2017-06-09,2017-06-12,7910.0,2020-11-30,2020-12-01,2020-12-01,13590.0,13590.0,71.80783817951959,71.4131341205801,0.00015,0.001,0.0,REALIZED,EXIT4_SCORE_DRAWDOWN_GE_15,854,2017-01-06,2026-08-31,KRX_RAW_ETF_OHLCV,ETF_PIT_LISTED_2Y_CLOSE_1000_VOL20_10000_V01,SECTOR_INDUSTRY,B,2017-01-31,"""{\""canonical_entry_stage\"": \""TRANSITION\"", \""canonical_exit_type\"": \""EXIT4_SCORE_DRAWDOWN_GE_15\"", \""canonical_trade_id\"": \""157490_01\"", \""julia_support_fill_adapter\"": false}""",
JULIA_STRATEGY_V00,140700,KODEX 보험,KR7140700006,2017-06-23,2017-06-26,8920.0,2026-06-30,2026-07-01,2026-07-01,19200.0,19200.0,115.24663677130044,114.75213825419588,0.00015,0.001,0.0,REALIZED,EXIT4_SCORE_DRAWDOWN_GE_15,2210,2017-01-06,2026-08-31,KRX_RAW_ETF_OHLCV,ETF_PIT_LISTED_2Y_CLOSE_1000_VOL20_10000_V01,SECTOR_INDUSTRY,B,2017-01-31,"""{\""canonical_entry_stage\"": \""TRANSITION\"", \""canonical_exit_type\"": \""EXIT4_SCORE_DRAWDOWN_GE_15\"", \""canonical_trade_id\"": \""140700_01\"", \""julia_support_fill_adapter\"": false}""",
JULIA_STRATEGY_V00,174360,RISE 중국본토대형주CSI100,KR7174360008,2017-06-30,2017-07-03,14150.0,,,2026-08-31,,23230.0,64.1696113074205,63.98100855043622,0.00015,0.001,0.0,OPEN_AT_CUTOFF,NO_EXIT_BEFORE_CUTOFF,2246,2017-01-06,2026-08-31,KRX_RAW_ETF_OHLCV,ETF_PIT_LISTED_2Y_CLOSE_1000_VOL20_10000_V01,MARKET_INDEX,B,2017-01-31,"""{\""canonical_entry_stage\"": \""TRANSITION\"", \""canonical_exit_type\"": \""NO_EXIT_BEFORE_CUTOFF\"", \""canonical_trade_id\"": \""174360_01\"", \""julia_support_fill_adapter\"": false}""",
JULIA_STRATEGY_V00,195930,TIGER 유로스탁스50(합성 H),KR7195930003,2017-06-30,2017-07-03,11360.0,,,2026-08-31,,23855.0,109.99119718309859,109.7499532743401,0.00015,0.001,0.0,OPEN_AT_CUTOFF,NO_PROGRESSED_BEFORE_CUTOFF,2246,2017-03-31,2026-08-31,KRX_RAW_ETF_OHLCV,ETF_PIT_LISTED_2Y_CLOSE_1000_VOL20_10000_V01,MARKET_INDEX,A,2017-03-31,"""{\""canonical_entry_stage\"": \""TRANSITION\"", \""canonical_exit_type\"": \""NO_PROGRESSED_BEFORE_CUTOFF\"", \""canonical_trade_id\"": \""195930_01\"", \""julia_support_fill_adapter\"": false}""",
JULIA_STRATEGY_V00,200250,KIWOOM 인도Nifty50(합성),KR7200250009,2017-07-14,2017-07-17,12760.0,2021-12-31,2022-01-03,2022-01-03,18660.0,18660.0,46.23824451410658,45.90228295790799,0.00015,0.001,0.0,REALIZED,EXIT4_SCORE_DRAWDOWN_GE_15,1098,2017-06-02,2026-08-31,KRX_RAW_ETF_OHLCV,ETF_PIT_LISTED_2Y_CLOSE_1000_VOL20_10000_V01,MARKET_INDEX,A,2017-06-02,"""{\""canonical_entry_stage\"": \""TRANSITION\"", \""canonical_exit_type\"": \""EXIT4_SCORE_DRAWDOWN_GE_15\"", \""canonical_trade_id\"": \""200250_01\"", \""julia_support_fill_adapter\"": false}""",
JULIA_STRATEGY_V00,168580,ACE 중국본토CSI300,KR7168580009,2017-07-21,2017-07-24,21000.0,2026-08-31,2026-09-01,2026-09-01,34325.0,34325.0,63.45238095238095,63.07687236738955,0.00015,0.001,0.0,REALIZED,EXIT3_PROGRESSED_TO_TRANSITION,2232,2017-01-06,2026-08-31,KRX_RAW_ETF_OHLCV,ETF_PIT_LISTED_2Y_CLOSE_1000_VOL20_10000_V01,MARKET_INDEX,B,2017-01-31,"""{\""canonical_entry_stage\"": \""TRANSITION\"", \""canonical_exit_type\"": \""EXIT3_PROGRESSED_TO_TRANSITION\"", \""canonical_trade_id\"": \""168580_01\"", \""julia_support_fill_adapter\"": true}""",
JULIA_STRATEGY_V00,091160,KODEX 반도체,KR7091160002,2017-08-18,2017-08-21,25140.0,2021-04-30,2021-05-03,2021-05-03,37500.0,37500.0,49.16467780429594,48.821993184062016,0.00015,0.001,0.0,REALIZED,EXIT4_SCORE_DRAWDOWN_GE_15,908,2017-01-06,2026-08-31,KRX_RAW_ETF_OHLCV,ETF_PIT_LISTED_2Y_CLOSE_1000_VOL20_10000_V01,SECTOR_INDUSTRY,B,2017-01-31,"""{\""canonical_entry_stage\"": \""TRANSITION\"", \""canonical_exit_type\"": \""EXIT4_SCORE_DRAWDOWN_GE_15\"", \""canonical_trade_id\"": \""091160_01\"", \""julia_support_fill_adapter\"": false}""",
JULIA_STRATEGY_V00,132030,KODEX 골드선물(H),KR7132030008,2017-09-01,2017-09-04,10035.0,2026-01-31,2026-02-02,2026-02-02,27145.0,27145.0,170.50323866467366,169.88179596806242,0.00015,0.001,0.0,REALIZED,EXIT4_SCORE_DRAWDOWN_GE_15,2062,2017-01-06,2026-08-31,KRX_RAW_ETF_OHLCV,ETF_PIT_LISTED_2Y_CLOSE_1000_VOL20_10000_V01,COMMODITY_RESOURCE,B,2017-01-31,"""{\""canonical_entry_stage\"": \""TRANSITION\"", \""canonical_exit_type\"": \""EXIT4_SCORE_DRAWDOWN_GE_15\"", \""canonical_trade_id\"": \""132030_01\"", \""julia_support_fill_adapter\"": false}""",
JULIA_STRATEGY_V00,099140,KODEX 차이나H,KR7099140006,2018-01-26,2018-01-29,23695.0,,,2026-08-31,,21320.0,-10.023211648027008,-10.126579562543148,0.00015,0.001,0.0,OPEN_AT_CUTOFF,NO_EXIT_BEFORE_CUTOFF,2106,2017-01-06,2026-08-31,KRX_RAW_ETF_OHLCV,ETF_PIT_LISTED_2Y_CLOSE_1000_VOL20_10000_V01,MARKET_INDEX,B,2017-01-31,"""{\""canonical_entry_stage\"": \""TRANSITION\"", \""canonical_exit_type\"": \""NO_EXIT_BEFORE_CUTOFF\"", \""canonical_trade_id\"": \""099140_01\"", \""julia_support_fill_adapter\"": false}""",
JULIA_STRATEGY_V00,117700,KODEX 건설,KR7117700005,2018-01-26,2018-01-29,3185.0,2021-08-31,2021-09-01,2021-09-01,3790.0,3790.0,18.995290423861853,18.721915677851108,0.00015,0.001,0.0,REALIZED,EXIT4_SCORE_DRAWDOWN_GE_15,886,2017-01-06,2026-08-31,KRX_RAW_ETF_OHLCV,ETF_PIT_LISTED_2Y_CLOSE_1000_VOL20_10000_V01,SECTOR_INDUSTRY,B,2017-01-31,"""{\""canonical_entry_stage\"": \""TRANSITION\"", \""canonical_exit_type\"": \""EXIT4_SCORE_DRAWDOWN_GE_15\"", \""canonical_trade_id\"": \""117700_01\"", \""julia_support_fill_adapter\"": false}""",
JULIA_STRATEGY_V00,192090,TIGER 차이나CSI300,KR7192090009,2018-01-26,2018-01-29,9895.0,2026-08-31,2026-09-01,2026-09-01,12435.0,12435.0,25.66953006568975,25.380822203885913,0.00015,0.001,0.0,REALIZED,EXIT3_PROGRESSED_TO_TRANSITION,2107,2017-02-03,2026-08-31,KRX_RAW_ETF_OHLCV,ETF_PIT_LISTED_2Y_CLOSE_1000_VOL20_10000_V01,MARKET_INDEX,A,2017-02-03,"""{\""canonical_entry_stage\"": \""TRANSITION\"", \""canonical_exit_type\"": \""EXIT3_PROGRESSED_TO_TRANSITION\"", \""canonical_trade_id\"": \""192090_01\"", \""julia_support_fill_adapter\"": true}""",
JULIA_STRATEGY_V00,139220,TIGER 200 건설,KR7139220008,2018-02-02,2018-02-05,2865.0,2021-08-31,2021-09-01,2021-09-01,3290.0,3290.0,14.834205933682366,14.570390687140723,0.00015,0.001,0.0,REALIZED,EXIT4_SCORE_DRAWDOWN_GE_15,881,2017-01-06,2026-08-31,KRX_RAW_ETF_OHLCV,ETF_PIT_LISTED_2Y_CLOSE_1000_VOL20_10000_V01,SECTOR_INDUSTRY,B,2017-01-31,"""{\""canonical_entry_stage\"": \""TRANSITION\"", \""canonical_exit_type\"": \""EXIT4_SCORE_DRAWDOWN_GE_15\"", \""canonical_trade_id\"": \""139220_01\"", \""julia_support_fill_adapter\"": false}""",
JULIA_STRATEGY_V00,139250,TIGER 200 에너지화학,KR7139250005,2018-03-02,2018-03-05,16195.0,2021-03-31,2021-04-01,2021-04-01,20290.0,20290.0,25.285581969743752,24.997756174052267,0.00015,0.001,0.0,REALIZED,EXIT4_SCORE_DRAWDOWN_GE_15,758,2017-01-06,2026-08-31,KRX_RAW_ETF_OHLCV,ETF_PIT_LISTED_2Y_CLOSE_1000_VOL20_10000_V01,SECTOR_INDUSTRY,B,2017-01-31,"""{\""canonical_entry_stage\"": \""TRANSITION\"", \""canonical_exit_type\"": \""EXIT4_SCORE_DRAWDOWN_GE_15\"", \""canonical_trade_id\"": \""139250_01\"", \""julia_support_fill_adapter\"": false}""",
JULIA_STRATEGY_V00,143850,TIGER 미국S&P500선물(H),KR7143850006,2018-03-02,2018-03-05,31735.0,,,2026-08-31,,77535.0,144.32015125256027,144.03946925699432,0.00015,0.001,0.0,OPEN_AT_CUTOFF,NO_EXIT_BEFORE_CUTOFF,2084,2017-01-06,2026-08-31,KRX_RAW_ETF_OHLCV,ETF_PIT_LISTED_2Y_CLOSE_1000_VOL20_10000_V01,MARKET_INDEX,B,2017-01-31,"""{\""canonical_entry_stage\"": \""TRANSITION\"", \""canonical_exit_type\"": \""NO_EXIT_BEFORE_CUTOFF\"", \""canonical_trade_id\"": \""143850_01\"", \""julia_support_fill_adapter\"": false}""",
JULIA_STRATEGY_V00,195920,TIGER 일본TOPIX(합성 H),KR7195920004,2018-03-16,2018-03-19,14455.0,,,2026-08-31,,35775.0,147.4922172258734,147.2078910699593,0.00015,0.001,0.0,OPEN_AT_CUTOFF,NO_EXIT_BEFORE_CUTOFF,2074,2017-03-31,2026-08-31,KRX_RAW_ETF_OHLCV,ETF_PIT_LISTED_2Y_CLOSE_1000_VOL20_10000_V01,MARKET_INDEX,A,2017-03-31,"""{\""canonical_entry_stage\"": \""TRANSITION\"", \""canonical_exit_type\"": \""NO_EXIT_BEFORE_CUTOFF\"", \""canonical_trade_id\"": \""195920_01\"", \""julia_support_fill_adapter\"": false}""",
JULIA_STRATEGY_V00,130680,TIGER 원유선물Enhanced(H),KR7130680002,2018-03-23,2018-03-26,4840.0,2026-08-31,2026-09-01,2026-09-01,7185.0,7185.0,48.4504132231405,48.10936952413767,0.00015,0.001,0.0,REALIZED,EXIT4_SCORE_DRAWDOWN_GE_15,2070,2017-01-06,2026-08-31,KRX_RAW_ETF_OHLCV,ETF_PIT_LISTED_2Y_CLOSE_1000_VOL20_10000_V01,COMMODITY_RESOURCE,B,2017-01-31,"""{\""canonical_entry_stage\"": \""TRANSITION\"", \""canonical_exit_type\"": \""EXIT4_SCORE_DRAWDOWN_GE_15\"", \""canonical_trade_id\"": \""130680_01\"", \""julia_support_fill_adapter\"": true}""",
JULIA_STRATEGY_V00,195980,PLUS 신흥국MSCI(합성 H),KR7195980008,2018-03-30,2018-04-02,11730.0,,,2026-08-31,,15260.0,30.09377664109123,29.944321180085943,0.00015,0.001,0.0,OPEN_AT_CUTOFF,NO_EXIT_BEFORE_CUTOFF,2064,2017-04-28,2026-08-31,KRX_RAW_ETF_OHLCV,ETF_PIT_LISTED_2Y_CLOSE_1000_VOL20_10000_V01,MARKET_INDEX,B,2017-05-31,"""{\""canonical_entry_stage\"": \""TRANSITION\"", \""canonical_exit_type\"": \""NO_EXIT_BEFORE_CUTOFF\"", \""canonical_trade_id\"": \""195980_01\"", \""julia_support_fill_adapter\"": false}""",
JULIA_STRATEGY_V00,133690,TIGER 미국나스닥100,KR7133690008,2018-04-13,2018-04-16,32100.0,2020-11-30,2020-12-01,2020-12-01,61285.0,61285.0,90.9190031152648,90.48039387451794,0.00015,0.001,0.0,REALIZED,EXIT4_SCORE_DRAWDOWN_GE_15,647,2017-01-06,2026-08-31,KRX_RAW_ETF_OHLCV,ETF_PIT_LISTED_2Y_CLOSE_1000_VOL20_10000_V01,MARKET_INDEX,B,2017-01-31,"""{\""canonical_entry_stage\"": \""TRANSITION\"", \""canonical_exit_type\"": \""EXIT4_SCORE_DRAWDOWN_GE_15\"", \""canonical_trade_id\"": \""133690_01\"", \""julia_support_fill_adapter\"": false}""",
JULIA_STRATEGY_V00,219480,KODEX 미국S&P500선물(H),KR7219480001,2018-11-02,2018-11-05,12995.0,,,2026-08-31,,33205.0,155.52135436706425,155.22780410816927,0.00015,0.001,0.0,OPEN_AT_CUTOFF,NO_EXIT_BEFORE_CUTOFF,1920,2018-05-04,2026-08-31,KRX_RAW_ETF_OHLCV,ETF_PIT_LISTED_2Y_CLOSE_1000_VOL20_10000_V01,MARKET_INDEX,A,2018-05-04,"""{\""canonical_entry_stage\"": \""TRANSITION\"", \""canonical_exit_type\"": \""NO_EXIT_BEFORE_CUTOFF\"", \""canonical_trade_id\"": \""219480_01\"", \""julia_support_fill_adapter\"": false}""",
JULIA_STRATEGY_V00,228800,TIGER 여행레저,KR7228800009,2019-01-11,2019-01-14,4775.0,,,2026-08-31,,2710.0,-43.24607329842932,-43.31127383682589,0.00015,0.001,0.0,OPEN_AT_CUTOFF,NO_PROGRESSED_BEFORE_CUTOFF,1873,2018-09-28,2026-08-31,KRX_RAW_ETF_OHLCV,ETF_PIT_LISTED_2Y_CLOSE_1000_VOL20_10000_V01,SECTOR_INDUSTRY,B,2018-10-31,"""{\""canonical_entry_stage\"": \""EARLY_TREND\"", \""canonical_exit_type\"": \""NO_PROGRESSED_BEFORE_CUTOFF\"", \""canonical_trade_id\"": \""228800_01\"", \""julia_support_fill_adapter\"": false}""",
JULIA_STRATEGY_V00,144600,KODEX 은선물(H),KR7144600004,2019-08-09,2019-08-12,3820.0,2021-08-31,2021-09-01,2021-09-01,4920.0,4920.0,28.795811518324598,28.499921469771806,0.00015,0.001,0.0,REALIZED,EXIT3_PROGRESSED_TO_TRANSITION,510,2017-01-06,2026-08-31,KRX_RAW_ETF_OHLCV,ETF_PIT_LISTED_2Y_CLOSE_1000_VOL20_10000_V01,COMMODITY_RESOURCE,B,2017-01-31,"""{\""canonical_entry_stage\"": \""TRANSITION\"", \""canonical_exit_type\"": \""EXIT3_PROGRESSED_TO_TRANSITION\"", \""canonical_trade_id\"": \""144600_01\"", \""julia_support_fill_adapter\"": false}""",
JULIA_STRATEGY_V00,139320,TIGER 금은선물(H),KR7139320006,2019-09-06,2019-09-09,8560.0,2026-01-31,2026-02-02,2026-02-02,20855.0,20855.0,143.63317757009347,143.07346501507737,0.00015,0.001,0.0,REALIZED,EXIT4_SCORE_DRAWDOWN_GE_15,1571,2017-01-06,2026-08-31,KRX_RAW_ETF_OHLCV,ETF_PIT_LISTED_2Y_CLOSE_1000_VOL20_10000_V01,COMMODITY_RESOURCE,B,2017-01-31,"""{\""canonical_entry_stage\"": \""EARLY_TREND\"", \""canonical_exit_type\"": \""EXIT4_SCORE_DRAWDOWN_GE_15\"", \""canonical_trade_id\"": \""139320_01\"", \""julia_support_fill_adapter\"": false}""",
JULIA_STRATEGY_V00,245710,ACE 베트남VN30(합성),KR7245710009,2019-09-27,2019-09-30,14155.0,2021-10-31,2021-11-01,2021-11-01,22900.0,22900.0,61.78028965030025,61.408622457126796,0.00015,0.001,0.0,REALIZED,EXIT4_SCORE_DRAWDOWN_GE_15,516,2019-06-28,2026-08-31,KRX_RAW_ETF_OHLCV,ETF_PIT_LISTED_2Y_CLOSE_1000_VOL20_10000_V01,MARKET_INDEX,B,2019-07-31,"""{\""canonical_entry_stage\"": \""TRANSITION\"", \""canonical_exit_type\"": \""EXIT4_SCORE_DRAWDOWN_GE_15\"", \""canonical_trade_id\"": \""245710_01\"", \""julia_support_fill_adapter\"": false}""",
JULIA_STRATEGY_V00,139260,TIGER 200 IT,KR7139260004,2019-11-22,2019-11-25,21515.0,2021-04-30,2021-05-03,2021-05-03,38500.0,38500.0,78.94492214733906,78.53382165363303,0.00015,0.001,0.0,REALIZED,EXIT4_SCORE_DRAWDOWN_GE_15,356,2017-01-06,2026-08-31,KRX_RAW_ETF_OHLCV,ETF_PIT_LISTED_2Y_CLOSE_1000_VOL20_10000_V01,SECTOR_INDUSTRY,B,2017-01-31,"""{\""canonical_entry_stage\"": \""TRANSITION\"", \""canonical_exit_type\"": \""EXIT4_SCORE_DRAWDOWN_GE_15\"", \""canonical_trade_id\"": \""139260_01\"", \""julia_support_fill_adapter\"": false}""",
JULIA_STRATEGY_V00,226490,KODEX 코스피,KR7226490001,2019-11-22,2019-11-25,21275.0,2021-08-31,2021-09-01,2021-09-01,32115.0,32115.0,50.95182138660399,50.60503105831089,0.00015,0.001,0.0,REALIZED,EXIT4_SCORE_DRAWDOWN_GE_15,440,2018-08-03,2026-08-31,KRX_RAW_ETF_OHLCV,ETF_PIT_LISTED_2Y_CLOSE_1000_VOL20_10000_V01,MARKET_INDEX,A,2018-08-03,"""{\""canonical_entry_stage\"": \""TRANSITION\"", \""canonical_exit_type\"": \""EXIT4_SCORE_DRAWDOWN_GE_15\"", \""canonical_trade_id\"": \""226490_01\"", \""julia_support_fill_adapter\"": false}""",
JULIA_STRATEGY_V00,227830,PLUS 코스피,KR7227830007,2019-11-22,2019-11-25,21540.0,2021-09-30,2021-10-01,2021-10-01,31200.0,31200.0,44.8467966573816,44.514031754622565,0.00015,0.001,0.0,REALIZED,EXIT4_SCORE_DRAWDOWN_GE_15,459,2018-08-31,2026-08-31,KRX_RAW_ETF_OHLCV,ETF_PIT_LISTED_2Y_CLOSE_1000_VOL20_10000_V01,MARKET_INDEX,A,2018-08-31,"""{\""canonical_entry_stage\"": \""TRANSITION\"", \""canonical_exit_type\"": \""EXIT4_SCORE_DRAWDOWN_GE_15\"", \""canonical_trade_id\"": \""227830_01\"", \""julia_support_fill_adapter\"": false}""",
JULIA_STRATEGY_V00,237350,KODEX 코스피100,KR7237350004,2019-11-22,2019-11-25,21770.0,2021-05-31,2021-06-01,2021-06-01,32960.0,32960.0,51.401010564997705,51.05318828848955,0.00015,0.001,0.0,REALIZED,EXIT4_SCORE_DRAWDOWN_GE_15,375,2018-12-28,2026-08-31,KRX_RAW_ETF_OHLCV,ETF_PIT_LISTED_2Y_CLOSE_1000_VOL20_10000_V01,MARKET_INDEX,B,2019-01-31,"""{\""canonical_entry_stage\"": \""TRANSITION\"", \""canonical_exit_type\"": \""EXIT4_SCORE_DRAWDOWN_GE_15\"", \""canonical_trade_id\"": \""237350_01\"", \""julia_support_fill_adapter\"": false}""",
JULIA_STRATEGY_V00,261220,KODEX WTI원유선물(H),KR7261220008,2020-01-03,2020-01-06,22145.0,2026-08-31,2026-09-01,2026-09-01,24300.0,24300.0,9.731316324226679,9.479224240391204,0.00015,0.001,0.0,REALIZED,EXIT4_SCORE_DRAWDOWN_GE_15,1634,2019-11-29,2026-08-31,KRX_RAW_ETF_OHLCV,ETF_PIT_LISTED_2Y_CLOSE_1000_VOL20_10000_V01,COMMODITY_RESOURCE,B,2019-12-30,"""{\""canonical_entry_stage\"": \""TRANSITION\"", \""canonical_exit_type\"": \""EXIT4_SCORE_DRAWDOWN_GE_15\"", \""canonical_trade_id\"": \""261220_01\"", \""julia_support_fill_adapter\"": true}""",
JULIA_STRATEGY_V00,256750,KODEX 차이나심천ChiNext(합성),KR7256750001,2020-01-10,2020-01-13,8205.0,2020-11-30,2020-12-01,2020-12-01,11165.0,11165.0,36.07556368068252,35.76294943748872,0.00015,0.001,0.0,REALIZED,EXIT4_SCORE_DRAWDOWN_GE_15,221,2019-11-01,2026-08-31,KRX_RAW_ETF_OHLCV,ETF_PIT_LISTED_2Y_CLOSE_1000_VOL20_10000_V01,MARKET_INDEX,A,2019-11-01,"""{\""canonical_entry_stage\"": \""TRANSITION\"", \""canonical_exit_type\"": \""EXIT4_SCORE_DRAWDOWN_GE_15\"", \""canonical_trade_id\"": \""256750_01\"", \""julia_support_fill_adapter\"": false}""",
JULIA_STRATEGY_V00,261060,TIGER 코스닥150IT,KR7261060008,2020-01-10,2020-01-13,12985.0,2026-04-30,2026-05-04,2026-05-04,29480.0,29480.0,127.03118983442434,126.50961798366929,0.00015,0.001,0.0,REALIZED,EXIT4_SCORE_DRAWDOWN_GE_15,1548,2019-11-29,2026-08-31,KRX_RAW_ETF_OHLCV,ETF_PIT_LISTED_2Y_CLOSE_1000_VOL20_10000_V01,SECTOR_INDUSTRY,B,2019-12-30,"""{\""canonical_entry_stage\"": \""TRANSITION\"", \""canonical_exit_type\"": \""EXIT4_SCORE_DRAWDOWN_GE_15\"", \""canonical_trade_id\"": \""261060_01\"", \""julia_support_fill_adapter\"": false}""",
JULIA_STRATEGY_V00,266360,KODEX K콘텐츠,KR7266360007,2020-02-28,2020-03-02,12115.0,2021-01-31,2021-02-01,2021-02-01,20705.0,20705.0,70.90383821708626,70.51121096941586,0.00015,0.001,0.0,REALIZED,EXIT4_SCORE_DRAWDOWN_GE_15,229,2020-02-28,2026-08-31,KRX_RAW_ETF_OHLCV,ETF_PIT_LISTED_2Y_CLOSE_1000_VOL20_10000_V01,SECTOR_INDUSTRY,B,2020-03-31,"""{\""canonical_entry_stage\"": \""TRANSITION\"", \""canonical_exit_type\"": \""EXIT4_SCORE_DRAWDOWN_GE_15\"", \""canonical_trade_id\"": \""266360_01\"", \""julia_support_fill_adapter\"": false}""",
JULIA_STRATEGY_V00,266370,KODEX IT,KR7266370006,2020-03-06,2020-03-09,13490.0,2021-06-30,2021-07-01,2021-07-01,21135.0,21135.0,56.67160859896219,56.31167787350848,0.00015,0.001,0.0,REALIZED,EXIT4_SCORE_DRAWDOWN_GE_15,327,2020-02-28,2026-08-31,KRX_RAW_ETF_OHLCV,ETF_PIT_LISTED_2Y_CLOSE_1000_VOL20_10000_V01,SECTOR_INDUSTRY,B,2020-03-31,"""{\""canonical_entry_stage\"": \""TRANSITION\"", \""canonical_exit_type\"": \""EXIT4_SCORE_DRAWDOWN_GE_15\"", \""canonical_trade_id\"": \""266370_01\"", \""julia_support_fill_adapter\"": false}""",
JULIA_STRATEGY_V00,203780,TIGER 미국나스닥바이오,KR7203780002,2020-04-24,2020-04-27,18100.0,,,2026-08-31,,35595.0,96.65745856353591,96.43153283604452,0.00015,0.001,0.0,OPEN_AT_CUTOFF,NO_EXIT_BEFORE_CUTOFF,1556,2017-08-04,2026-08-31,KRX_RAW_ETF_OHLCV,ETF_PIT_LISTED_2Y_CLOSE_1000_VOL20_10000_V01,SECTOR_INDUSTRY,A,2017-08-04,"""{\""canonical_entry_stage\"": \""TRANSITION\"", \""canonical_exit_type\"": \""NO_EXIT_BEFORE_CUTOFF\"", \""canonical_trade_id\"": \""203780_01\"", \""julia_support_fill_adapter\"": false}""",
JULIA_STRATEGY_V00,227540,TIGER 200 헬스케어,KR7227540002,2020-05-08,2020-05-11,20930.0,2021-02-28,2021-03-02,2021-03-02,26100.0,26100.0,24.701385570950784,24.414901883350915,0.00015,0.001,0.0,REALIZED,EXIT4_SCORE_DRAWDOWN_GE_15,201,2018-08-31,2026-08-31,KRX_RAW_ETF_OHLCV,ETF_PIT_LISTED_2Y_CLOSE_1000_VOL20_10000_V01,SECTOR_INDUSTRY,A,2018-08-31,"""{\""canonical_entry_stage\"": \""TRANSITION\"", \""canonical_exit_type\"": \""EXIT4_SCORE_DRAWDOWN_GE_15\"", \""canonical_trade_id\"": \""227540_01\"", \""julia_support_fill_adapter\"": false}""",
JULIA_STRATEGY_V00,143860,TIGER 헬스케어,KR7143860005,2020-05-29,2020-06-01,34680.0,2021-02-28,2021-03-02,2021-03-02,44645.0,44645.0,28.73414071510958,28.438392346451046,0.00015,0.001,0.0,REALIZED,EXIT4_SCORE_DRAWDOWN_GE_15,186,2017-01-06,2026-08-31,KRX_RAW_ETF_OHLCV,ETF_PIT_LISTED_2Y_CLOSE_1000_VOL20_10000_V01,SECTOR_INDUSTRY,B,2017-01-31,"""{\""canonical_entry_stage\"": \""TRANSITION\"", \""canonical_exit_type\"": \""EXIT4_SCORE_DRAWDOWN_GE_15\"", \""canonical_trade_id\"": \""143860_02\"", \""julia_support_fill_adapter\"": false}""",
JULIA_STRATEGY_V00,244580,KODEX 바이오,KR7244580007,2020-05-29,2020-06-01,10475.0,2020-11-30,2020-12-01,2020-12-01,15085.0,15085.0,44.00954653937947,43.67870509962084,0.00015,0.001,0.0,REALIZED,EXIT4_SCORE_DRAWDOWN_GE_15,127,2019-05-03,2026-08-31,KRX_RAW_ETF_OHLCV,ETF_PIT_LISTED_2Y_CLOSE_1000_VOL20_10000_V01,SECTOR_INDUSTRY,A,2019-05-03,"""{\""canonical_entry_stage\"": \""TRANSITION\"", \""canonical_exit_type\"": \""EXIT4_SCORE_DRAWDOWN_GE_15\"", \""canonical_trade_id\"": \""244580_01\"", \""julia_support_fill_adapter\"": false}""",
JULIA_STRATEGY_V00,266420,KODEX 헬스케어,KR7266420009,2020-05-29,2020-06-01,15220.0,2021-02-28,2021-03-02,2021-03-02,19595.0,19595.0,28.745072273324567,28.449298790966672,0.00015,0.001,0.0,REALIZED,EXIT4_SCORE_DRAWDOWN_GE_15,186,2020-02-28,2026-08-31,KRX_RAW_ETF_OHLCV,ETF_PIT_LISTED_2Y_CLOSE_1000_VOL20_10000_V01,SECTOR_INDUSTRY,B,2020-03-31,"""{\""canonical_entry_stage\"": \""TRANSITION\"", \""canonical_exit_type\"": \""EXIT4_SCORE_DRAWDOWN_GE_15\"", \""canonical_trade_id\"": \""266420_01\"", \""julia_support_fill_adapter\"": false}""",
JULIA_STRATEGY_V00,139280,TIGER 경기방어,KR7139280002,2020-06-05,2020-06-08,11150.0,,,2026-08-31,,13145.0,17.89237668161434,17.756938538753996,0.00015,0.001,0.0,OPEN_AT_CUTOFF,NO_PROGRESSED_BEFORE_CUTOFF,1529,2017-01-06,2026-08-31,KRX_RAW_ETF_OHLCV,ETF_PIT_LISTED_2Y_CLOSE_1000_VOL20_10000_V01,SECTOR_INDUSTRY,B,2017-01-31,"""{\""canonical_entry_stage\"": \""TRANSITION\"", \""canonical_exit_type\"": \""NO_PROGRESSED_BEFORE_CUTOFF\"", \""canonical_trade_id\"": \""139280_01\"", \""julia_support_fill_adapter\"": false}""",
JULIA_STRATEGY_V00,229200,KODEX 코스닥150,KR7229200001,2020-07-03,2020-07-06,11795.0,2026-05-31,2026-06-01,2026-06-01,18725.0,18725.0,58.75370919881306,58.388995143526486,0.00015,0.001,0.0,REALIZED,EXIT4_SCORE_DRAWDOWN_GE_15,1447,2018-09-28,2026-08-31,KRX_RAW_ETF_OHLCV,ETF_PIT_LISTED_2Y_CLOSE_1000_VOL20_10000_V01,MARKET_INDEX,B,2018-10-31,"""{\""canonical_entry_stage\"": \""TRANSITION\"", \""canonical_exit_type\"": \""EXIT4_SCORE_DRAWDOWN_GE_15\"", \""canonical_trade_id\"": \""229200_01\"", \""julia_support_fill_adapter\"": false}""",
JULIA_STRATEGY_V00,232080,TIGER 코스닥150,KR7232080002,2020-07-03,2020-07-06,11880.0,2026-05-31,2026-06-01,2026-06-01,19055.0,19055.0,60.3956228956229,60.027136777271984,0.00015,0.001,0.0,REALIZED,EXIT4_SCORE_DRAWDOWN_GE_15,1447,2018-11-02,2026-08-31,KRX_RAW_ETF_OHLCV,ETF_PIT_LISTED_2Y_CLOSE_1000_VOL20_10000_V01,MARKET_INDEX,A,2018-11-02,"""{\""canonical_entry_stage\"": \""TRANSITION\"", \""canonical_exit_type\"": \""EXIT4_SCORE_DRAWDOWN_GE_15\"", \""canonical_trade_id\"": \""232080_01\"", \""julia_support_fill_adapter\"": false}""",
JULIA_STRATEGY_V00,270810,RISE 코스닥150,KR7270810005,2020-07-03,2020-07-06,11715.0,2026-05-31,2026-06-01,2026-06-01,18590.0,18590.0,58.68544600938967,58.320888779066536,0.00015,0.001,0.0,REALIZED,EXIT4_SCORE_DRAWDOWN_GE_15,1447,2020-05-29,2026-08-31,KRX_RAW_ETF_OHLCV,ETF_PIT_LISTED_2Y_CLOSE_1000_VOL20_10000_V01,MARKET_INDEX,B,2020-06-30,"""{\""canonical_entry_stage\"": \""TRANSITION\"", \""canonical_exit_type\"": \""EXIT4_SCORE_DRAWDOWN_GE_15\"", \""canonical_trade_id\"": \""270810_01\"", \""julia_support_fill_adapter\"": false}""",
JULIA_STRATEGY_V00,261070,TIGER 코스닥150바이오테크,KR7261070007,2020-07-31,2020-08-03,13200.0,2024-07-31,2024-08-01,2024-08-01,12675.0,12675.0,-3.9772727272727293,-4.197871278576204,0.00015,0.001,0.0,REALIZED,EXIT4_SCORE_DRAWDOWN_GE_15,986,2019-11-29,2026-08-31,KRX_RAW_ETF_OHLCV,ETF_PIT_LISTED_2Y_CLOSE_1000_VOL20_10000_V01,SECTOR_INDUSTRY,B,2019-12-30,"""{\""canonical_entry_stage\"": \""TRANSITION\"", \""canonical_exit_type\"": \""EXIT4_SCORE_DRAWDOWN_GE_15\"", \""canonical_trade_id\"": \""261070_01\"", \""julia_support_fill_adapter\"": false}""",
JULIA_STRATEGY_V00,091180,KODEX 자동차,KR7091180000,2020-08-14,2020-08-18,15085.0,2021-04-30,2021-05-03,2021-05-03,21635.0,21635.0,43.42061650646338,43.09112804964712,0.00015,0.001,0.0,REALIZED,EXIT4_SCORE_DRAWDOWN_GE_15,175,2017-01-06,2026-08-31,KRX_RAW_ETF_OHLCV,ETF_PIT_LISTED_2Y_CLOSE_1000_VOL20_10000_V01,SECTOR_INDUSTRY,B,2017-01-31,"""{\""canonical_entry_stage\"": \""TRANSITION\"", \""canonical_exit_type\"": \""EXIT4_SCORE_DRAWDOWN_GE_15\"", \""canonical_trade_id\"": \""091180_01\"", \""julia_support_fill_adapter\"": false}""",
JULIA_STRATEGY_V00,277640,TIGER 코스피대형주,KR7277640009,2020-09-04,2020-09-07,11480.0,2021-07-31,2021-08-02,2021-08-02,15715.0,15715.0,36.890243902439025,36.57575804736963,0.00015,0.001,0.0,REALIZED,EXIT4_SCORE_DRAWDOWN_GE_15,224,2020-07-31,2026-08-31,KRX_RAW_ETF_OHLCV,ETF_PIT_LISTED_2Y_CLOSE_1000_VOL20_10000_V01,MARKET_INDEX,A,2020-07-31,"""{\""canonical_entry_stage\"": \""TRANSITION\"", \""canonical_exit_type\"": \""EXIT4_SCORE_DRAWDOWN_GE_15\"", \""canonical_trade_id\"": \""277640_01\"", \""julia_support_fill_adapter\"": false}""",
JULIA_STRATEGY_V00,138920,KODEX 콩선물(H),KR7138920004,2020-09-18,2020-09-21,8700.0,2021-07-31,2021-08-02,2021-08-02,12035.0,12035.0,38.33333333333333,38.015532185656696,0.00015,0.001,0.0,REALIZED,EXIT4_SCORE_DRAWDOWN_GE_15,214,2017-01-06,2026-08-31,KRX_RAW_ETF_OHLCV,ETF_PIT_LISTED_2Y_CLOSE_1000_VOL20_10000_V01,COMMODITY_RESOURCE,B,2017-01-31,"""{\""canonical_entry_stage\"": \""TRANSITION\"", \""canonical_exit_type\"": \""EXIT4_SCORE_DRAWDOWN_GE_15\"", \""canonical_trade_id\"": \""138920_01\"", \""julia_support_fill_adapter\"": false}""",
JULIA_STRATEGY_V00,137610,TIGER 농산물선물Enhanced(H),KR7137610002,2020-10-16,2020-10-19,4665.0,2021-09-30,2021-10-01,2021-10-01,6450.0,6450.0,38.2636655948553,37.946024498893685,0.00015,0.001,0.0,REALIZED,EXIT4_SCORE_DRAWDOWN_GE_15,238,2017-01-06,2026-08-31,KRX_RAW_ETF_OHLCV,ETF_PIT_LISTED_2Y_CLOSE_1000_VOL20_10000_V01,COMMODITY_RESOURCE,B,2017-01-31,"""{\""canonical_entry_stage\"": \""TRANSITION\"", \""canonical_exit_type\"": \""EXIT4_SCORE_DRAWDOWN_GE_15\"", \""canonical_trade_id\"": \""137610_01\"", \""julia_support_fill_adapter\"": false}""",
JULIA_STRATEGY_V00,271060,KODEX 3대농산물선물(H),KR7271060006,2020-10-16,2020-10-19,8270.0,2022-05-31,2022-06-02,2022-06-02,14470.0,14470.0,74.96977025392985,74.56780210601114,0.00015,0.001,0.0,REALIZED,EXIT4_SCORE_DRAWDOWN_GE_15,402,2020-05-29,2026-08-31,KRX_RAW_ETF_OHLCV,ETF_PIT_LISTED_2Y_CLOSE_1000_VOL20_10000_V01,COMMODITY_RESOURCE,B,2020-06-30,"""{\""canonical_entry_stage\"": \""TRANSITION\"", \""canonical_exit_type\"": \""EXIT4_SCORE_DRAWDOWN_GE_15\"", \""canonical_trade_id\"": \""271060_01\"", \""julia_support_fill_adapter\"": false}""",
JULIA_STRATEGY_V00,276650,RISE 글로벌테크놀로지(합성 H),KR7276650009,2020-10-16,2020-10-19,18660.0,2021-05-31,2021-06-01,2021-06-01,21595.0,21595.0,15.728831725616299,15.462961203628268,0.00015,0.001,0.0,REALIZED,EXIT4_SCORE_DRAWDOWN_GE_15,154,2020-07-31,2026-08-31,KRX_RAW_ETF_OHLCV,ETF_PIT_LISTED_2Y_CLOSE_1000_VOL20_10000_V01,SECTOR_INDUSTRY,A,2020-07-31,"""{\""canonical_entry_stage\"": \""TRANSITION\"", \""canonical_exit_type\"": \""EXIT4_SCORE_DRAWDOWN_GE_15\"", \""canonical_trade_id\"": \""276650_01\"", \""julia_support_fill_adapter\"": false}""",
JULIA_STRATEGY_V00,277630,TIGER 코스피,KR7277630000,2020-10-30,2020-11-02,22840.0,2021-08-31,2021-09-01,2021-09-01,32595.0,32595.0,42.710157618213664,42.38230133959065,0.00015,0.001,0.0,REALIZED,EXIT4_SCORE_DRAWDOWN_GE_15,209,2020-07-31,2026-08-31,KRX_RAW_ETF_OHLCV,ETF_PIT_LISTED_2Y_CLOSE_1000_VOL20_10000_V01,MARKET_INDEX,A,2020-07-31,"""{\""canonical_entry_stage\"": \""TRANSITION\"", \""canonical_exit_type\"": \""EXIT4_SCORE_DRAWDOWN_GE_15\"", \""canonical_trade_id\"": \""277630_01\"", \""julia_support_fill_adapter\"": false}""",
JULIA_STRATEGY_V00,278530,KODEX 200TR,KR7278530001,2020-10-30,2020-11-02,9705.0,2022-02-28,2022-03-02,2022-03-02,12035.0,12035.0,24.008243173621846,23.723351882041555,0.00015,0.001,0.0,REALIZED,EXIT3_PROGRESSED_TO_TRANSITION,329,2020-10-30,2026-08-31,KRX_RAW_ETF_OHLCV,ETF_PIT_LISTED_2Y_CLOSE_1000_VOL20_10000_V01,MARKET_INDEX,B,2020-11-30,"""{\""canonical_entry_stage\"": \""TRANSITION\"", \""canonical_exit_type\"": \""EXIT3_PROGRESSED_TO_TRANSITION\"", \""canonical_trade_id\"": \""278530_01\"", \""julia_support_fill_adapter\"": false}""",
JULIA_STRATEGY_V00,278540,KODEX MSCI Korea TR,KR7278540000,2020-10-30,2020-11-02,9680.0,2026-02-28,2026-03-03,2026-03-03,31795.0,31795.0,228.4607438016529,227.70615198468738,0.00015,0.001,0.0,REALIZED,EXIT4_SCORE_DRAWDOWN_GE_15,1306,2020-10-30,2026-08-31,KRX_RAW_ETF_OHLCV,ETF_PIT_LISTED_2Y_CLOSE_1000_VOL20_10000_V01,MARKET_INDEX,B,2020-11-30,"""{\""canonical_entry_stage\"": \""TRANSITION\"", \""canonical_exit_type\"": \""EXIT4_SCORE_DRAWDOWN_GE_15\"", \""canonical_trade_id\"": \""278540_01\"", \""julia_support_fill_adapter\"": false}""",
JULIA_STRATEGY_V00,153270,KIWOOM 코스피100,KR7153270004,2020-11-13,2020-11-16,25730.0,2021-05-31,2021-06-01,2021-06-01,32375.0,32375.0,25.825884181888846,25.536817118753174,0.00015,0.001,0.0,REALIZED,EXIT4_SCORE_DRAWDOWN_GE_15,134,2017-01-06,2026-08-31,KRX_RAW_ETF_OHLCV,ETF_PIT_LISTED_2Y_CLOSE_1000_VOL20_10000_V01,MARKET_INDEX,B,2017-01-31,"""{\""canonical_entry_stage\"": \""TRANSITION\"", \""canonical_exit_type\"": \""EXIT4_SCORE_DRAWDOWN_GE_15\"", \""canonical_trade_id\"": \""153270_01\"", \""julia_support_fill_adapter\"": false}""",
JULIA_STRATEGY_V00,280930,KODEX 미국러셀2000(H),KR7280930009,2020-11-27,2020-11-30,12090.0,2021-07-31,2021-08-02,2021-08-02,14520.0,14520.0,20.099255583126553,19.823344634263208,0.00015,0.001,0.0,REALIZED,EXIT4_SCORE_DRAWDOWN_GE_15,168,2020-10-30,2026-08-31,KRX_RAW_ETF_OHLCV,ETF_PIT_LISTED_2Y_CLOSE_1000_VOL20_10000_V01,MARKET_INDEX,B,2020-11-30,"""{\""canonical_entry_stage\"": \""TRANSITION\"", \""canonical_exit_type\"": \""EXIT4_SCORE_DRAWDOWN_GE_15\"", \""canonical_trade_id\"": \""280930_01\"", \""julia_support_fill_adapter\"": false}""",
JULIA_STRATEGY_V00,139240,TIGER 200 철강소재,KR7139240006,2020-12-11,2020-12-14,7455.0,2021-07-31,2021-08-02,2021-08-02,10705.0,10705.0,43.59490274983233,43.26501389517392,0.00015,0.001,0.0,REALIZED,EXIT4_SCORE_DRAWDOWN_GE_15,158,2017-01-06,2026-08-31,KRX_RAW_ETF_OHLCV,ETF_PIT_LISTED_2Y_CLOSE_1000_VOL20_10000_V01,SECTOR_INDUSTRY,B,2017-01-31,"""{\""canonical_entry_stage\"": \""TRANSITION\"", \""canonical_exit_type\"": \""EXIT4_SCORE_DRAWDOWN_GE_15\"", \""canonical_trade_id\"": \""139240_01\"", \""julia_support_fill_adapter\"": false}""",
JULIA_STRATEGY_V00,266410,KODEX 필수소비재,KR7266410000,2021-01-08,2021-01-11,9760.0,2026-06-30,2026-07-01,2026-07-01,8970.0,8970.0,-8.094262295081966,-8.305402648725524,0.00015,0.001,0.0,REALIZED,EXIT3_PROGRESSED_TO_TRANSITION,1341,2020-02-28,2026-08-31,KRX_RAW_ETF_OHLCV,ETF_PIT_LISTED_2Y_CLOSE_1000_VOL20_10000_V01,SECTOR_INDUSTRY,B,2020-03-31,"""{\""canonical_entry_stage\"": \""TRANSITION\"", \""canonical_exit_type\"": \""EXIT3_PROGRESSED_TO_TRANSITION\"", \""canonical_trade_id\"": \""266410_01\"", \""julia_support_fill_adapter\"": false}""",
JULIA_STRATEGY_V00,266390,KODEX 경기소비재,KR7266390004,2021-01-15,2021-01-18,11665.0,,,2026-08-31,,15355.0,31.633090441491653,31.481866572653104,0.00015,0.001,0.0,OPEN_AT_CUTOFF,NO_EXIT_BEFORE_CUTOFF,1377,2020-02-28,2026-08-31,KRX_RAW_ETF_OHLCV,ETF_PIT_LISTED_2Y_CLOSE_1000_VOL20_10000_V01,SECTOR_INDUSTRY,B,2020-03-31,"""{\""canonical_entry_stage\"": \""TRANSITION\"", \""canonical_exit_type\"": \""NO_EXIT_BEFORE_CUTOFF\"", \""canonical_trade_id\"": \""266390_01\"", \""julia_support_fill_adapter\"": false}""",
JULIA_STRATEGY_V00,228810,TIGER 미디어컨텐츠,KR7228810008,2021-01-22,2021-01-25,7130.0,2021-11-30,2021-12-01,2021-12-01,9850.0,9850.0,38.14866760168303,37.8312906972458,0.00015,0.001,0.0,REALIZED,EXIT4_SCORE_DRAWDOWN_GE_15,212,2018-09-28,2026-08-31,KRX_RAW_ETF_OHLCV,ETF_PIT_LISTED_2Y_CLOSE_1000_VOL20_10000_V01,SECTOR_INDUSTRY,B,2018-10-31,"""{\""canonical_entry_stage\"": \""TRANSITION\"", \""canonical_exit_type\"": \""EXIT4_SCORE_DRAWDOWN_GE_15\"", \""canonical_trade_id\"": \""228810_01\"", \""julia_support_fill_adapter\"": false}""",
JULIA_STRATEGY_V00,108590,TREX 200,KR7108590001,2021-01-29,2021-02-01,41505.0,2021-08-31,2021-09-01,2021-09-01,42585.0,42585.0,2.6020961329960235,2.366382418019408,0.00015,0.001,0.0,REALIZED,EXIT4_SCORE_DRAWDOWN_GE_15,147,2017-01-06,2026-08-31,KRX_RAW_ETF_OHLCV,ETF_PIT_LISTED_2Y_CLOSE_1000_VOL20_10000_V01,MARKET_INDEX,B,2017-01-31,"""{\""canonical_entry_stage\"": \""EARLY_TREND\"", \""canonical_exit_type\"": \""EXIT4_SCORE_DRAWDOWN_GE_15\"", \""canonical_trade_id\"": \""108590_01\"", \""julia_support_fill_adapter\"": false}""",
JULIA_STRATEGY_V00,160580,TIGER 구리실물,KR7160580007,2021-01-29,2021-02-01,8055.0,2022-05-31,2022-06-02,2022-06-02,10730.0,10730.0,33.20918684047176,32.90315769016592,0.00015,0.001,0.0,REALIZED,EXIT3_PROGRESSED_TO_TRANSITION,330,2017-01-06,2026-08-31,KRX_RAW_ETF_OHLCV,ETF_PIT_LISTED_2Y_CLOSE_1000_VOL20_10000_V01,COMMODITY_RESOURCE,B,2017-01-31,"""{\""canonical_entry_stage\"": \""EARLY_TREND\"", \""canonical_exit_type\"": \""EXIT3_PROGRESSED_TO_TRANSITION\"", \""canonical_trade_id\"": \""160580_01\"", \""julia_support_fill_adapter\"": false}""",
JULIA_STRATEGY_V00,139290,TIGER 200 경기소비재,KR7139290001,2021-02-05,2021-02-08,19965.0,2026-05-31,2026-06-01,2026-06-01,35210.0,35210.0,76.35862759829702,75.95346874827229,0.00015,0.001,0.0,REALIZED,EXIT4_SCORE_DRAWDOWN_GE_15,1300,2017-01-06,2026-08-31,KRX_RAW_ETF_OHLCV,ETF_PIT_LISTED_2Y_CLOSE_1000_VOL20_10000_V01,SECTOR_INDUSTRY,B,2017-01-31,"""{\""canonical_entry_stage\"": \""EARLY_TREND\"", \""canonical_exit_type\"": \""EXIT4_SCORE_DRAWDOWN_GE_15\"", \""canonical_trade_id\"": \""139290_01\"", \""julia_support_fill_adapter\"": false}""",
JULIA_STRATEGY_V00,276990,KODEX 글로벌로봇(합성),KR7276990009,2021-02-26,2021-03-02,17770.0,,,2026-08-31,,25530.0,43.66910523353968,43.50405404577893,0.00015,0.001,0.0,OPEN_AT_CUTOFF,NO_EXIT_BEFORE_CUTOFF,1349,2020-07-31,2026-08-31,KRX_RAW_ETF_OHLCV,ETF_PIT_LISTED_2Y_CLOSE_1000_VOL20_10000_V01,SECTOR_INDUSTRY,A,2020-07-31,"""{\""canonical_entry_stage\"": \""EARLY_TREND\"", \""canonical_exit_type\"": \""NO_EXIT_BEFORE_CUTOFF\"", \""canonical_trade_id\"": \""276990_01\"", \""julia_support_fill_adapter\"": false}""",
JULIA_STRATEGY_V00,283580,KODEX 차이나CSI300,KR7283580009,2021-02-26,2021-03-02,15050.0,,,2026-08-31,,15190.0,0.9302325581395321,0.8142810128326294,0.00015,0.001,0.0,OPEN_AT_CUTOFF,NO_EXIT_BEFORE_CUTOFF,1349,2020-12-04,2026-08-31,KRX_RAW_ETF_OHLCV,ETF_PIT_LISTED_2Y_CLOSE_1000_VOL20_10000_V01,MARKET_INDEX,A,2020-12-04,"""{\""canonical_entry_stage\"": \""EARLY_TREND\"", \""canonical_exit_type\"": \""NO_EXIT_BEFORE_CUTOFF\"", \""canonical_trade_id\"": \""283580_01\"", \""julia_support_fill_adapter\"": false}""",
JULIA_STRATEGY_V00,292050,RISE KRX300,KR7292050002,2021-02-26,2021-03-02,19835.0,2026-02-28,2026-03-03,2026-03-03,43200.0,43200.0,117.79682379631961,117.29646658743191,0.00015,0.001,0.0,REALIZED,EXIT4_SCORE_DRAWDOWN_GE_15,1226,2021-02-26,2026-08-31,KRX_RAW_ETF_OHLCV,ETF_PIT_LISTED_2Y_CLOSE_1000_VOL20_10000_V01,MARKET_INDEX,B,2021-03-31,"""{\""canonical_entry_stage\"": \""EARLY_TREND\"", \""canonical_exit_type\"": \""EXIT4_SCORE_DRAWDOWN_GE_15\"", \""canonical_trade_id\"": \""292050_01\"", \""julia_support_fill_adapter\"": false}""",
JULIA_STRATEGY_V00,292190,KODEX KRX300,KR7292190006,2021-02-26,2021-03-02,19580.0,2026-02-28,2026-03-03,2026-03-03,42240.0,42240.0,115.73033707865167,115.23472732892444,0.00015,0.001,0.0,REALIZED,EXIT4_SCORE_DRAWDOWN_GE_15,1226,2021-02-26,2026-08-31,KRX_RAW_ETF_OHLCV,ETF_PIT_LISTED_2Y_CLOSE_1000_VOL20_10000_V01,MARKET_INDEX,B,2021-03-31,"""{\""canonical_entry_stage\"": \""EARLY_TREND\"", \""canonical_exit_type\"": \""EXIT4_SCORE_DRAWDOWN_GE_15\"", \""canonical_trade_id\"": \""292190_01\"", \""julia_support_fill_adapter\"": false}""",
JULIA_STRATEGY_V00,292500,SOL KRX300,KR7292500006,2021-02-26,2021-03-02,19555.0,2026-02-28,2026-03-03,2026-03-03,42660.0,42660.0,118.15392482740985,117.65274722972082,0.00015,0.001,0.0,REALIZED,EXIT4_SCORE_DRAWDOWN_GE_15,1226,2021-02-26,2026-08-31,KRX_RAW_ETF_OHLCV,ETF_PIT_LISTED_2Y_CLOSE_1000_VOL20_10000_V01,MARKET_INDEX,B,2021-03-31,"""{\""canonical_entry_stage\"": \""EARLY_TREND\"", \""canonical_exit_type\"": \""EXIT4_SCORE_DRAWDOWN_GE_15\"", \""canonical_trade_id\"": \""292500_01\"", \""julia_support_fill_adapter\"": false}""",
JULIA_STRATEGY_V00,218420,KODEX 미국S&P500에너지(합성),KR7218420008,2021-03-12,2021-03-15,6945.0,2022-04-30,2022-05-02,2022-05-02,11305.0,11305.0,62.77897768178546,62.40501614497891,0.00015,0.001,0.0,REALIZED,EXIT4_SCORE_DRAWDOWN_GE_15,282,2018-03-30,2026-08-31,KRX_RAW_ETF_OHLCV,ETF_PIT_LISTED_2Y_CLOSE_1000_VOL20_10000_V01,SECTOR_INDUSTRY,B,2018-04-30,"""{\""canonical_entry_stage\"": \""TRANSITION\"", \""canonical_exit_type\"": \""EXIT4_SCORE_DRAWDOWN_GE_15\"", \""canonical_trade_id\"": \""218420_01\"", \""julia_support_fill_adapter\"": false}""",
JULIA_STRATEGY_V00,091170,KODEX 은행,KR7091170001,2021-03-26,2021-03-29,7080.0,,,2026-08-31,,16365.0,131.14406779661016,130.87852286353865,0.00015,0.001,0.0,OPEN_AT_CUTOFF,NO_EXIT_BEFORE_CUTOFF,1330,2017-01-06,2026-08-31,KRX_RAW_ETF_OHLCV,ETF_PIT_LISTED_2Y_CLOSE_1000_VOL20_10000_V01,SECTOR_INDUSTRY,B,2017-01-31,"""{\""canonical_entry_stage\"": \""TRANSITION\"", \""canonical_exit_type\"": \""NO_EXIT_BEFORE_CUTOFF\"", \""canonical_trade_id\"": \""091170_02\"", \""julia_support_fill_adapter\"": false}""",
JULIA_STRATEGY_V00,091220,TIGER 은행,KR7091220004,2021-03-26,2021-03-29,7375.0,,,2026-08-31,,17070.0,131.45762711864407,131.19172195963222,0.00015,0.001,0.0,OPEN_AT_CUTOFF,NO_EXIT_BEFORE_CUTOFF,1330,2017-01-06,2026-08-31,KRX_RAW_ETF_OHLCV,ETF_PIT_LISTED_2Y_CLOSE_1000_VOL20_10000_V01,SECTOR_INDUSTRY,B,2017-01-31,"""{\""canonical_entry_stage\"": \""TRANSITION\"", \""canonical_exit_type\"": \""NO_EXIT_BEFORE_CUTOFF\"", \""canonical_trade_id\"": \""091220_02\"", \""julia_support_fill_adapter\"": false}""",
JULIA_STRATEGY_V00,269420,KODEX S&P글로벌인프라(합성),KR7269420006,2021-03-26,2021-03-29,11290.0,,,2026-08-31,,21985.0,94.72984942426928,94.50613818943067,0.00015,0.001,0.0,OPEN_AT_CUTOFF,NO_PROGRESSED_BEFORE_CUTOFF,1330,2020-05-08,2026-08-31,KRX_RAW_ETF_OHLCV,ETF_PIT_LISTED_2Y_CLOSE_1000_VOL20_10000_V01,SECTOR_INDUSTRY,B,2020-05-29,"""{\""canonical_entry_stage\"": \""TRANSITION\"", \""canonical_exit_type\"": \""NO_PROGRESSED_BEFORE_CUTOFF\"", \""canonical_trade_id\"": \""269420_01\"", \""julia_support_fill_adapter\"": false}""",
JULIA_STRATEGY_V00,227540,TIGER 200 헬스케어,KR7227540002,2021-09-03,2021-09-06,28040.0,,,2026-08-31,,19880.0,-29.10128388017118,-29.18273435824904,0.00015,0.001,0.0,OPEN_AT_CUTOFF,NO_EXIT_BEFORE_CUTOFF,1218,2018-08-31,2026-08-31,KRX_RAW_ETF_OHLCV,ETF_PIT_LISTED_2Y_CLOSE_1000_VOL20_10000_V01,SECTOR_INDUSTRY,A,2018-08-31,"""{\""canonical_entry_stage\"": \""TRANSITION\"", \""canonical_exit_type\"": \""NO_EXIT_BEFORE_CUTOFF\"", \""canonical_trade_id\"": \""227540_02\"", \""julia_support_fill_adapter\"": false}""",
JULIA_STRATEGY_V00,248270,TIGER S&P글로벌헬스케어(합성),KR7248270001,2021-10-01,2021-10-05,17785.0,,,2026-08-31,,26470.0,48.833286477368574,48.66230253011354,0.00015,0.001,0.0,OPEN_AT_CUTOFF,NO_PROGRESSED_BEFORE_CUTOFF,1201,2019-06-28,2026-08-31,KRX_RAW_ETF_OHLCV,ETF_PIT_LISTED_2Y_CLOSE_1000_VOL20_10000_V01,SECTOR_INDUSTRY,B,2019-07-31,"""{\""canonical_entry_stage\"": \""TRANSITION\"", \""canonical_exit_type\"": \""NO_PROGRESSED_BEFORE_CUTOFF\"", \""canonical_trade_id\"": \""248270_01\"", \""julia_support_fill_adapter\"": false}""",
JULIA_STRATEGY_V00,256440,ACE MSCI인도네시아(합성),KR7256440009,2021-10-08,2021-10-12,9375.0,,,2026-08-31,,5345.0,-42.986666666666665,-43.05216521884021,0.00015,0.001,0.0,OPEN_AT_CUTOFF,NO_PROGRESSED_BEFORE_CUTOFF,1197,2019-11-01,2026-08-31,KRX_RAW_ETF_OHLCV,ETF_PIT_LISTED_2Y_CLOSE_1000_VOL20_10000_V01,MARKET_INDEX,A,2019-11-01,"""{\""canonical_entry_stage\"": \""TRANSITION\"", \""canonical_exit_type\"": \""NO_PROGRESSED_BEFORE_CUTOFF\"", \""canonical_trade_id\"": \""256440_01\"", \""julia_support_fill_adapter\"": false}""",
JULIA_STRATEGY_V00,300950,KODEX 게임산업,KR7300950003,2021-10-22,2021-10-25,15280.0,,,2026-08-31,,5550.0,-63.67801047120418,-63.71973821429702,0.00015,0.001,0.0,OPEN_AT_CUTOFF,NO_EXIT_BEFORE_CUTOFF,1188,2021-07-02,2026-08-31,KRX_RAW_ETF_OHLCV,ETF_PIT_LISTED_2Y_CLOSE_1000_VOL20_10000_V01,SECTOR_INDUSTRY,A,2021-07-02,"""{\""canonical_entry_stage\"": \""TRANSITION\"", \""canonical_exit_type\"": \""NO_EXIT_BEFORE_CUTOFF\"", \""canonical_trade_id\"": \""300950_01\"", \""julia_support_fill_adapter\"": false}""",
JULIA_STRATEGY_V00,245340,TIGER 미국다우존스30,KR7245340005,2022-01-28,2022-02-03,21410.0,,,2026-08-31,,35630.0,66.4175618869687,66.22637661989937,0.00015,0.001,0.0,OPEN_AT_CUTOFF,NO_PROGRESSED_BEFORE_CUTOFF,1119,2019-06-28,2026-08-31,KRX_RAW_ETF_OHLCV,ETF_PIT_LISTED_2Y_CLOSE_1000_VOL20_10000_V01,SECTOR_INDUSTRY,B,2019-07-31,"""{\""canonical_entry_stage\"": \""TRANSITION\"", \""canonical_exit_type\"": \""NO_PROGRESSED_BEFORE_CUTOFF\"", \""canonical_trade_id\"": \""245340_01\"", \""julia_support_fill_adapter\"": false}""",
JULIA_STRATEGY_V00,144600,KODEX 은선물(H),KR7144600004,2022-03-11,2022-03-14,5285.0,2026-01-31,2026-02-02,2026-02-02,13795.0,13795.0,161.02175969725639,160.42209934930187,0.00015,0.001,0.0,REALIZED,EXIT4_SCORE_DRAWDOWN_GE_15,954,2017-01-06,2026-08-31,KRX_RAW_ETF_OHLCV,ETF_PIT_LISTED_2Y_CLOSE_1000_VOL20_10000_V01,COMMODITY_RESOURCE,B,2017-01-31,"""{\""canonical_entry_stage\"": \""EARLY_TREND\"", \""canonical_exit_type\"": \""EXIT4_SCORE_DRAWDOWN_GE_15\"", \""canonical_trade_id\"": \""144600_02\"", \""julia_support_fill_adapter\"": false}""",
JULIA_STRATEGY_V00,319640,TIGER 골드선물(H),KR7319640009,2022-04-01,2022-04-04,13880.0,2026-01-31,2026-02-02,2026-02-02,28750.0,28750.0,107.13256484149855,106.656707249972,0.00015,0.001,0.0,REALIZED,EXIT4_SCORE_DRAWDOWN_GE_15,939,2022-04-01,2026-08-31,KRX_RAW_ETF_OHLCV,ETF_PIT_LISTED_2Y_CLOSE_1000_VOL20_10000_V01,COMMODITY_RESOURCE,A,2022-04-01,"""{\""canonical_entry_stage\"": \""TRANSITION\"", \""canonical_exit_type\"": \""EXIT4_SCORE_DRAWDOWN_GE_15\"", \""canonical_trade_id\"": \""319640_01\"", \""julia_support_fill_adapter\"": false}""",
JULIA_STRATEGY_V00,284980,RISE 200금융,KR7284980000,2022-04-29,2022-05-02,9010.0,,,2026-08-31,,22835.0,153.4406215316315,153.14946167828225,0.00015,0.001,0.0,OPEN_AT_CUTOFF,NO_EXIT_BEFORE_CUTOFF,1059,2020-12-04,2026-08-31,KRX_RAW_ETF_OHLCV,ETF_PIT_LISTED_2Y_CLOSE_1000_VOL20_10000_V01,SECTOR_INDUSTRY,A,2020-12-04,"""{\""canonical_entry_stage\"": \""TRANSITION\"", \""canonical_exit_type\"": \""NO_EXIT_BEFORE_CUTOFF\"", \""canonical_trade_id\"": \""284980_01\"", \""julia_support_fill_adapter\"": false}""",
JULIA_STRATEGY_V00,227550,TIGER 200 산업재,KR7227550001,2022-06-03,2022-06-07,6805.0,2026-02-28,2026-03-03,2026-03-03,14495.0,14495.0,113.00514327700219,112.51579427222293,0.00015,0.001,0.0,REALIZED,EXIT4_SCORE_DRAWDOWN_GE_15,913,2018-08-31,2026-08-31,KRX_RAW_ETF_OHLCV,ETF_PIT_LISTED_2Y_CLOSE_1000_VOL20_10000_V01,SECTOR_INDUSTRY,A,2018-08-31,"""{\""canonical_entry_stage\"": \""TRANSITION\"", \""canonical_exit_type\"": \""EXIT4_SCORE_DRAWDOWN_GE_15\"", \""canonical_trade_id\"": \""227550_01\"", \""julia_support_fill_adapter\"": false}""",
JULIA_STRATEGY_V00,200250,KIWOOM 인도Nifty50(합성),KR7200250009,2022-08-19,2022-08-22,19750.0,,,2026-08-31,,21280.0,7.74683544303798,7.623052788872875,0.00015,0.001,0.0,OPEN_AT_CUTOFF,NO_PROGRESSED_BEFORE_CUTOFF,983,2017-06-02,2026-08-31,KRX_RAW_ETF_OHLCV,ETF_PIT_LISTED_2Y_CLOSE_1000_VOL20_10000_V01,MARKET_INDEX,A,2017-06-02,"""{\""canonical_entry_stage\"": \""TRANSITION\"", \""canonical_exit_type\"": \""NO_PROGRESSED_BEFORE_CUTOFF\"", \""canonical_trade_id\"": \""200250_02\"", \""julia_support_fill_adapter\"": false}""",
JULIA_STRATEGY_V00,139230,TIGER 200 중공업,KR7139230007,2022-08-26,2022-08-29,3375.0,2024-11-30,2024-12-02,2024-12-02,5380.0,5380.0,59.4074074074074,59.04119157351171,0.00015,0.001,0.0,REALIZED,EXIT4_SCORE_DRAWDOWN_GE_15,555,2017-01-06,2026-08-31,KRX_RAW_ETF_OHLCV,ETF_PIT_LISTED_2Y_CLOSE_1000_VOL20_10000_V01,MARKET_INDEX,B,2017-01-31,"""{\""canonical_entry_stage\"": \""TRANSITION\"", \""canonical_exit_type\"": \""EXIT4_SCORE_DRAWDOWN_GE_15\"", \""canonical_trade_id\"": \""139230_02\"", \""julia_support_fill_adapter\"": false}""",
JULIA_STRATEGY_V00,091180,KODEX 자동차,KR7091180000,2022-09-16,2022-09-19,18845.0,2026-05-31,2026-06-01,2026-06-01,41120.0,41120.0,118.20111435394006,117.69982834502915,0.00015,0.001,0.0,REALIZED,EXIT4_SCORE_DRAWDOWN_GE_15,903,2017-01-06,2026-08-31,KRX_RAW_ETF_OHLCV,ETF_PIT_LISTED_2Y_CLOSE_1000_VOL20_10000_V01,SECTOR_INDUSTRY,B,2017-01-31,"""{\""canonical_entry_stage\"": \""TRANSITION\"", \""canonical_exit_type\"": \""EXIT4_SCORE_DRAWDOWN_GE_15\"", \""canonical_trade_id\"": \""091180_02\"", \""julia_support_fill_adapter\"": false}""",
JULIA_STRATEGY_V00,305720,KODEX 2차전지산업,KR7305720005,2022-10-28,2022-10-31,21715.0,,,2026-08-31,,15505.0,-28.597743495279758,-28.679772454990648,0.00015,0.001,0.0,OPEN_AT_CUTOFF,NO_EXIT_BEFORE_CUTOFF,937,2021-09-03,2026-08-31,KRX_RAW_ETF_OHLCV,ETF_PIT_LISTED_2Y_CLOSE_1000_VOL20_10000_V01,SECTOR_INDUSTRY,A,2021-09-03,"""{\""canonical_entry_stage\"": \""TRANSITION\"", \""canonical_exit_type\"": \""NO_EXIT_BEFORE_CUTOFF\"", \""canonical_trade_id\"": \""305720_01\"", \""julia_support_fill_adapter\"": false}""",
JULIA_STRATEGY_V00,195970,PLUS 선진국MSCI(합성 H),KR7195970009,2023-01-13,2023-01-16,10650.0,,,2026-08-31,,16460.0,54.55399061032864,54.37643455412622,0.00015,0.001,0.0,OPEN_AT_CUTOFF,NO_PROGRESSED_BEFORE_CUTOFF,883,2017-04-28,2026-08-31,KRX_RAW_ETF_OHLCV,ETF_PIT_LISTED_2Y_CLOSE_1000_VOL20_10000_V01,MARKET_INDEX,B,2017-05-31,"""{\""canonical_entry_stage\"": \""TRANSITION\"", \""canonical_exit_type\"": \""NO_PROGRESSED_BEFORE_CUTOFF\"", \""canonical_trade_id\"": \""195970_01\"", \""julia_support_fill_adapter\"": false}""",
JULIA_STRATEGY_V00,138910,KODEX 구리선물(H),KR7138910005,2023-01-20,2023-01-25,7665.0,,,2026-08-31,,10045.0,31.05022831050228,30.899674050393223,0.00015,0.001,0.0,OPEN_AT_CUTOFF,NO_PROGRESSED_BEFORE_CUTOFF,878,2017-01-06,2026-08-31,KRX_RAW_ETF_OHLCV,ETF_PIT_LISTED_2Y_CLOSE_1000_VOL20_10000_V01,COMMODITY_RESOURCE,B,2017-01-31,"""{\""canonical_entry_stage\"": \""TRANSITION\"", \""canonical_exit_type\"": \""NO_PROGRESSED_BEFORE_CUTOFF\"", \""canonical_trade_id\"": \""138910_02\"", \""julia_support_fill_adapter\"": false}""",
JULIA_STRATEGY_V00,228810,TIGER 미디어컨텐츠,KR7228810008,2023-02-03,2023-02-06,7560.0,,,2026-08-31,,3140.0,-58.46560846560847,-58.51332436558938,0.00015,0.001,0.0,OPEN_AT_CUTOFF,NO_PROGRESSED_BEFORE_CUTOFF,870,2018-09-28,2026-08-31,KRX_RAW_ETF_OHLCV,ETF_PIT_LISTED_2Y_CLOSE_1000_VOL20_10000_V01,SECTOR_INDUSTRY,B,2018-10-31,"""{\""canonical_entry_stage\"": \""TRANSITION\"", \""canonical_exit_type\"": \""NO_PROGRESSED_BEFORE_CUTOFF\"", \""canonical_trade_id\"": \""228810_02\"", \""julia_support_fill_adapter\"": false}""",
JULIA_STRATEGY_V00,117680,KODEX 철강,KR7117680009,2023-02-17,2023-02-20,8855.0,2026-04-30,2026-05-04,2026-05-04,17770.0,17770.0,100.67758328627896,100.21655509629319,0.00015,0.001,0.0,REALIZED,EXIT4_SCORE_DRAWDOWN_GE_15,780,2017-01-06,2026-08-31,KRX_RAW_ETF_OHLCV,ETF_PIT_LISTED_2Y_CLOSE_1000_VOL20_10000_V01,SECTOR_INDUSTRY,B,2017-01-31,"""{\""canonical_entry_stage\"": \""TRANSITION\"", \""canonical_exit_type\"": \""EXIT4_SCORE_DRAWDOWN_GE_15\"", \""canonical_trade_id\"": \""117680_02\"", \""julia_support_fill_adapter\"": false}""",
JULIA_STRATEGY_V00,305540,TIGER 2차전지테마,KR7305540007,2023-03-03,2023-03-06,24265.0,2023-09-30,2023-10-04,2023-10-04,27915.0,27915.0,15.042241912219257,14.77794873262166,0.00015,0.001,0.0,REALIZED,EXIT4_SCORE_DRAWDOWN_GE_15,144,2021-09-03,2026-08-31,KRX_RAW_ETF_OHLCV,ETF_PIT_LISTED_2Y_CLOSE_1000_VOL20_10000_V01,SECTOR_INDUSTRY,A,2021-09-03,"""{\""canonical_entry_stage\"": \""EARLY_TREND\"", \""canonical_exit_type\"": \""EXIT4_SCORE_DRAWDOWN_GE_15\"", \""canonical_trade_id\"": \""305540_01\"", \""julia_support_fill_adapter\"": false}""",
JULIA_STRATEGY_V00,160580,TIGER 구리실물,KR7160580007,2023-03-17,2023-03-20,10155.0,,,2026-08-31,,16330.0,60.807483998030534,60.622743749307276,0.00015,0.001,0.0,OPEN_AT_CUTOFF,NO_EXIT_BEFORE_CUTOFF,841,2017-01-06,2026-08-31,KRX_RAW_ETF_OHLCV,ETF_PIT_LISTED_2Y_CLOSE_1000_VOL20_10000_V01,COMMODITY_RESOURCE,B,2017-01-31,"""{\""canonical_entry_stage\"": \""TRANSITION\"", \""canonical_exit_type\"": \""NO_EXIT_BEFORE_CUTOFF\"", \""canonical_trade_id\"": \""160580_02\"", \""julia_support_fill_adapter\"": false}""",
JULIA_STRATEGY_V00,133690,TIGER 미국나스닥100,KR7133690008,2023-03-31,2023-04-03,76555.0,2024-10-31,2024-11-01,2024-11-01,122030.0,122030.0,59.4017373130429,59.035534505382174,0.00015,0.001,0.0,REALIZED,EXIT4_SCORE_DRAWDOWN_GE_15,387,2017-01-06,2026-08-31,KRX_RAW_ETF_OHLCV,ETF_PIT_LISTED_2Y_CLOSE_1000_VOL20_10000_V01,MARKET_INDEX,B,2017-01-31,"""{\""canonical_entry_stage\"": \""EARLY_TREND\"", \""canonical_exit_type\"": \""EXIT4_SCORE_DRAWDOWN_GE_15\"", \""canonical_trade_id\"": \""133690_02\"", \""julia_support_fill_adapter\"": false}""",
JULIA_STRATEGY_V00,139220,TIGER 200 건설,KR7139220008,2023-03-31,2023-04-03,3055.0,2026-01-31,2026-02-02,2026-02-02,5805.0,5805.0,90.0163666121113,89.57983105027986,0.00015,0.001,0.0,REALIZED,EXIT4_SCORE_DRAWDOWN_GE_15,691,2017-01-06,2026-08-31,KRX_RAW_ETF_OHLCV,ETF_PIT_LISTED_2Y_CLOSE_1000_VOL20_10000_V01,SECTOR_INDUSTRY,B,2017-01-31,"""{\""canonical_entry_stage\"": \""EARLY_TREND\"", \""canonical_exit_type\"": \""EXIT4_SCORE_DRAWDOWN_GE_15\"", \""canonical_trade_id\"": \""139220_02\"", \""julia_support_fill_adapter\"": false}""",
JULIA_STRATEGY_V00,139240,TIGER 200 철강소재,KR7139240006,2023-03-31,2023-04-03,9170.0,2026-05-31,2026-06-01,2026-06-01,13010.0,13010.0,41.87568157033805,41.54974238168412,0.00015,0.001,0.0,REALIZED,EXIT4_SCORE_DRAWDOWN_GE_15,769,2017-01-06,2026-08-31,KRX_RAW_ETF_OHLCV,ETF_PIT_LISTED_2Y_CLOSE_1000_VOL20_10000_V01,SECTOR_INDUSTRY,B,2017-01-31,"""{\""canonical_entry_stage\"": \""TRANSITION\"", \""canonical_exit_type\"": \""EXIT4_SCORE_DRAWDOWN_GE_15\"", \""canonical_trade_id\"": \""139240_02\"", \""julia_support_fill_adapter\"": false}""",
JULIA_STRATEGY_V00,304770,HANARO 코스닥150,KR7304770001,2023-03-31,2023-04-03,12720.0,2026-05-31,2026-06-01,2026-06-01,18765.0,18765.0,47.52358490566038,47.184670462823775,0.00015,0.001,0.0,REALIZED,EXIT4_SCORE_DRAWDOWN_GE_15,769,2021-07-30,2026-08-31,KRX_RAW_ETF_OHLCV,ETF_PIT_LISTED_2Y_CLOSE_1000_VOL20_10000_V01,MARKET_INDEX,B,2021-08-31,"""{\""canonical_entry_stage\"": \""TRANSITION\"", \""canonical_exit_type\"": \""EXIT4_SCORE_DRAWDOWN_GE_15\"", \""canonical_trade_id\"": \""304770_01\"", \""julia_support_fill_adapter\"": false}""",
JULIA_STRATEGY_V00,304940,KODEX 미국나스닥100선물(H),KR7304940000,2023-03-31,2023-04-03,16170.0,2024-09-30,2024-10-02,2024-10-02,23100.0,23100.0,42.85714285714286,42.52894890085028,0.00015,0.001,0.0,REALIZED,EXIT4_SCORE_DRAWDOWN_GE_15,367,2021-07-30,2026-08-31,KRX_RAW_ETF_OHLCV,ETF_PIT_LISTED_2Y_CLOSE_1000_VOL20_10000_V01,MARKET_INDEX,B,2021-08-31,"""{\""canonical_entry_stage\"": \""TRANSITION\"", \""canonical_exit_type\"": \""EXIT4_SCORE_DRAWDOWN_GE_15\"", \""canonical_trade_id\"": \""304940_01\"", \""julia_support_fill_adapter\"": false}""",
JULIA_STRATEGY_V00,314250,KODEX 미국빅테크10(H),KR7314250002,2023-03-31,2023-04-03,23130.0,2024-04-30,2024-05-02,2024-05-02,35510.0,35510.0,53.523562472978824,53.17086393551382,0.00015,0.001,0.0,REALIZED,EXIT4_SCORE_DRAWDOWN_GE_15,266,2022-01-07,2026-08-31,KRX_RAW_ETF_OHLCV,ETF_PIT_LISTED_2Y_CLOSE_1000_VOL20_10000_V01,SECTOR_INDUSTRY,B,2022-01-28,"""{\""canonical_entry_stage\"": \""TRANSITION\"", \""canonical_exit_type\"": \""EXIT4_SCORE_DRAWDOWN_GE_15\"", \""canonical_trade_id\"": \""314250_01\"", \""julia_support_fill_adapter\"": false}""",
JULIA_STRATEGY_V00,117460,KODEX 에너지화학,KR7117460006,2023-04-28,2023-05-02,18230.0,2026-06-30,2026-07-01,2026-07-01,13510.0,13510.0,-25.891387822270985,-26.061641812652724,0.00015,0.001,0.0,REALIZED,EXIT4_SCORE_DRAWDOWN_GE_15,770,2017-01-06,2026-08-31,KRX_RAW_ETF_OHLCV,ETF_PIT_LISTED_2Y_CLOSE_1000_VOL20_10000_V01,SECTOR_INDUSTRY,B,2017-01-31,"""{\""canonical_entry_stage\"": \""TRANSITION\"", \""canonical_exit_type\"": \""EXIT4_SCORE_DRAWDOWN_GE_15\"", \""canonical_trade_id\"": \""117460_02\"", \""julia_support_fill_adapter\"": false}""",
JULIA_STRATEGY_V00,354350,HANARO 글로벌럭셔리S&P(합성),KR7354350001,2023-04-28,2023-05-02,19820.0,,,2026-08-31,,19565.0,-1.28657921291625,-1.3999840212941428,0.00015,0.001,0.0,OPEN_AT_CUTOFF,NO_PROGRESSED_BEFORE_CUTOFF,811,2023-04-28,2026-08-31,KRX_RAW_ETF_OHLCV,ETF_PIT_LISTED_2Y_CLOSE_1000_VOL20_10000_V01,SECTOR_INDUSTRY,B,2023-05-31,"""{\""canonical_entry_stage\"": \""EARLY_TREND\"", \""canonical_exit_type\"": \""NO_PROGRESSED_BEFORE_CUTOFF\"", \""canonical_trade_id\"": \""354350_01\"", \""julia_support_fill_adapter\"": false}""",
JULIA_STRATEGY_V00,241180,TIGER 일본니케이225,KR7241180009,2023-05-19,2023-05-22,17755.0,2026-08-31,2026-09-01,2026-09-01,33995.0,33995.0,91.46719234018586,91.0273237127053,0.00015,0.001,0.0,REALIZED,EXIT4_SCORE_DRAWDOWN_GE_15,799,2019-03-08,2026-08-31,KRX_RAW_ETF_OHLCV,ETF_PIT_LISTED_2Y_CLOSE_1000_VOL20_10000_V01,MARKET_INDEX,A,2019-03-08,"""{\""canonical_entry_stage\"": \""TRANSITION\"", \""canonical_exit_type\"": \""EXIT4_SCORE_DRAWDOWN_GE_15\"", \""canonical_trade_id\"": \""241180_01\"", \""julia_support_fill_adapter\"": true}""",
JULIA_STRATEGY_V00,091160,KODEX 반도체,KR7091160002,2023-06-02,2023-06-05,30585.0,2024-10-31,2024-11-01,2024-11-01,32025.0,32025.0,4.708190289357539,4.467638122766404,0.00015,0.001,0.0,REALIZED,EXIT3_PROGRESSED_TO_TRANSITION,345,2017-01-06,2026-08-31,KRX_RAW_ETF_OHLCV,ETF_PIT_LISTED_2Y_CLOSE_1000_VOL20_10000_V01,SECTOR_INDUSTRY,B,2017-01-31,"""{\""canonical_entry_stage\"": \""TRANSITION\"", \""canonical_exit_type\"": \""EXIT3_PROGRESSED_TO_TRANSITION\"", \""canonical_trade_id\"": \""091160_02\"", \""julia_support_fill_adapter\"": false}""",
JULIA_STRATEGY_V00,091230,TIGER 반도체,KR7091230003,2023-06-02,2023-06-05,31835.0,2024-10-31,2024-11-01,2024-11-01,33100.0,33100.0,3.973613946913779,3.734749364934853,0.00015,0.001,0.0,REALIZED,EXIT3_PROGRESSED_TO_TRANSITION,345,2017-01-06,2026-08-31,KRX_RAW_ETF_OHLCV,ETF_PIT_LISTED_2Y_CLOSE_1000_VOL20_10000_V01,SECTOR_INDUSTRY,B,2017-01-31,"""{\""canonical_entry_stage\"": \""TRANSITION\"", \""canonical_exit_type\"": \""EXIT3_PROGRESSED_TO_TRANSITION\"", \""canonical_trade_id\"": \""091230_02\"", \""julia_support_fill_adapter\"": false}""",
JULIA_STRATEGY_V00,117700,KODEX 건설,KR7117700005,2023-06-02,2023-06-05,3575.0,2026-04-30,2026-05-04,2026-05-04,9430.0,9430.0,163.7762237762238,163.17023543902448,0.00015,0.001,0.0,REALIZED,EXIT4_SCORE_DRAWDOWN_GE_15,709,2017-01-06,2026-08-31,KRX_RAW_ETF_OHLCV,ETF_PIT_LISTED_2Y_CLOSE_1000_VOL20_10000_V01,SECTOR_INDUSTRY,B,2017-01-31,"""{\""canonical_entry_stage\"": \""TRANSITION\"", \""canonical_exit_type\"": \""EXIT4_SCORE_DRAWDOWN_GE_15\"", \""canonical_trade_id\"": \""117700_02\"", \""julia_support_fill_adapter\"": false}""",
JULIA_STRATEGY_V00,101280,KODEX 일본TOPIX100,KR7101280006,2023-06-09,2023-06-12,17680.0,,,2026-08-31,,30580.0,72.96380090497738,72.76509513081268,0.00015,0.001,0.0,OPEN_AT_CUTOFF,NO_PROGRESSED_BEFORE_CUTOFF,785,2017-01-06,2026-08-31,KRX_RAW_ETF_OHLCV,ETF_PIT_LISTED_2Y_CLOSE_1000_VOL20_10000_V01,MARKET_INDEX,B,2017-01-31,"""{\""canonical_entry_stage\"": \""TRANSITION\"", \""canonical_exit_type\"": \""NO_PROGRESSED_BEFORE_CUTOFF\"", \""canonical_trade_id\"": \""101280_01\"", \""julia_support_fill_adapter\"": false}""",
JULIA_STRATEGY_V00,269540,PLUS 미국S&P500(H),KR7269540001,2023-06-09,2023-06-12,17770.0,,,2026-08-31,,30060.0,69.16150815981992,68.96717056859045,0.00015,0.001,0.0,OPEN_AT_CUTOFF,NO_PROGRESSED_BEFORE_CUTOFF,785,2020-05-08,2026-08-31,KRX_RAW_ETF_OHLCV,ETF_PIT_LISTED_2Y_CLOSE_1000_VOL20_10000_V01,MARKET_INDEX,B,2020-05-29,"""{\""canonical_entry_stage\"": \""TRANSITION\"", \""canonical_exit_type\"": \""NO_PROGRESSED_BEFORE_CUTOFF\"", \""canonical_trade_id\"": \""269540_01\"", \""julia_support_fill_adapter\"": false}""",
JULIA_STRATEGY_V00,310970,TIGER MSCI Korea TR,KR7310970009,2023-06-09,2023-06-12,14860.0,2026-02-28,2026-03-03,2026-03-03,40425.0,40425.0,172.03903095558547,171.4140599947382,0.00015,0.001,0.0,REALIZED,EXIT4_SCORE_DRAWDOWN_GE_15,662,2021-10-29,2026-08-31,KRX_RAW_ETF_OHLCV,ETF_PIT_LISTED_2Y_CLOSE_1000_VOL20_10000_V01,MARKET_INDEX,B,2021-11-30,"""{\""canonical_entry_stage\"": \""TRANSITION\"", \""canonical_exit_type\"": \""EXIT4_SCORE_DRAWDOWN_GE_15\"", \""canonical_trade_id\"": \""310970_01\"", \""julia_support_fill_adapter\"": false}""",
JULIA_STRATEGY_V00,139260,TIGER 200 IT,KR7139260004,2023-06-16,2023-06-19,33835.0,2026-02-28,2026-03-03,2026-03-03,90500.0,90500.0,167.4745086448943,166.86002402449725,0.00015,0.001,0.0,REALIZED,EXIT4_SCORE_DRAWDOWN_GE_15,657,2017-01-06,2026-08-31,KRX_RAW_ETF_OHLCV,ETF_PIT_LISTED_2Y_CLOSE_1000_VOL20_10000_V01,SECTOR_INDUSTRY,B,2017-01-31,"""{\""canonical_entry_stage\"": \""TRANSITION\"", \""canonical_exit_type\"": \""EXIT4_SCORE_DRAWDOWN_GE_15\"", \""canonical_trade_id\"": \""139260_02\"", \""julia_support_fill_adapter\"": false}""",
JULIA_STRATEGY_V00,266370,KODEX IT,KR7266370006,2023-06-16,2023-06-19,19120.0,2026-04-30,2026-05-04,2026-05-04,61255.0,61255.0,220.37133891213387,219.6353313517316,0.00015,0.001,0.0,REALIZED,EXIT4_SCORE_DRAWDOWN_GE_15,700,2020-02-28,2026-08-31,KRX_RAW_ETF_OHLCV,ETF_PIT_LISTED_2Y_CLOSE_1000_VOL20_10000_V01,SECTOR_INDUSTRY,B,2020-03-31,"""{\""canonical_entry_stage\"": \""TRANSITION\"", \""canonical_exit_type\"": \""EXIT4_SCORE_DRAWDOWN_GE_15\"", \""canonical_trade_id\"": \""266370_02\"", \""julia_support_fill_adapter\"": false}""",
JULIA_STRATEGY_V00,298770,KODEX 한국대만IT프리미어,KR7298770009,2023-06-16,2023-06-19,19340.0,2026-01-31,2026-02-02,2026-02-02,49955.0,49955.0,158.29886246122027,157.7054575821811,0.00015,0.001,0.0,REALIZED,EXIT4_SCORE_DRAWDOWN_GE_15,640,2021-06-04,2026-08-31,KRX_RAW_ETF_OHLCV,ETF_PIT_LISTED_2Y_CLOSE_1000_VOL20_10000_V01,SECTOR_INDUSTRY,A,2021-06-04,"""{\""canonical_entry_stage\"": \""TRANSITION\"", \""canonical_exit_type\"": \""EXIT4_SCORE_DRAWDOWN_GE_15\"", \""canonical_trade_id\"": \""298770_01\"", \""julia_support_fill_adapter\"": false}""",
JULIA_STRATEGY_V00,332500,ACE 200TR,KR7332500008,2023-06-16,2023-06-19,21945.0,2026-01-31,2026-02-02,2026-02-02,50660.0,50660.0,130.8498519024835,130.31950721904542,0.00015,0.001,0.0,REALIZED,EXIT4_SCORE_DRAWDOWN_GE_15,640,2022-07-29,2026-08-31,KRX_RAW_ETF_OHLCV,ETF_PIT_LISTED_2Y_CLOSE_1000_VOL20_10000_V01,MARKET_INDEX,B,2022-08-31,"""{\""canonical_entry_stage\"": \""TRANSITION\"", \""canonical_exit_type\"": \""EXIT4_SCORE_DRAWDOWN_GE_15\"", \""canonical_trade_id\"": \""332500_01\"", \""julia_support_fill_adapter\"": false}""",
JULIA_STRATEGY_V00,332930,HANARO 200TR,KR7332930007,2023-06-16,2023-06-19,42615.0,2026-01-31,2026-02-02,2026-02-02,98675.0,98675.0,131.5499237357738,131.01797073692313,0.00015,0.001,0.0,REALIZED,EXIT4_SCORE_DRAWDOWN_GE_15,640,2022-07-29,2026-08-31,KRX_RAW_ETF_OHLCV,ETF_PIT_LISTED_2Y_CLOSE_1000_VOL20_10000_V01,MARKET_INDEX,B,2022-08-31,"""{\""canonical_entry_stage\"": \""TRANSITION\"", \""canonical_exit_type\"": \""EXIT4_SCORE_DRAWDOWN_GE_15\"", \""canonical_trade_id\"": \""332930_01\"", \""julia_support_fill_adapter\"": false}""",
JULIA_STRATEGY_V00,137610,TIGER 농산물선물Enhanced(H),KR7137610002,2023-06-23,2023-06-26,7865.0,,,2026-08-31,,5990.0,-23.839796567069293,-23.927291592644007,0.00015,0.001,0.0,OPEN_AT_CUTOFF,NO_PROGRESSED_BEFORE_CUTOFF,775,2017-01-06,2026-08-31,KRX_RAW_ETF_OHLCV,ETF_PIT_LISTED_2Y_CLOSE_1000_VOL20_10000_V01,COMMODITY_RESOURCE,B,2017-01-31,"""{\""canonical_entry_stage\"": \""TRANSITION\"", \""canonical_exit_type\"": \""NO_PROGRESSED_BEFORE_CUTOFF\"", \""canonical_trade_id\"": \""137610_02\"", \""julia_support_fill_adapter\"": false}""",
JULIA_STRATEGY_V00,251350,KODEX MSCI선진국,KR7251350005,2023-06-23,2023-06-26,21930.0,,,2026-08-31,,38805.0,76.94938440492476,76.7460998781499,0.00015,0.001,0.0,OPEN_AT_CUTOFF,NO_PROGRESSED_BEFORE_CUTOFF,775,2019-08-02,2026-08-31,KRX_RAW_ETF_OHLCV,ETF_PIT_LISTED_2Y_CLOSE_1000_VOL20_10000_V01,MARKET_INDEX,A,2019-08-02,"""{\""canonical_entry_stage\"": \""TRANSITION\"", \""canonical_exit_type\"": \""NO_PROGRESSED_BEFORE_CUTOFF\"", \""canonical_trade_id\"": \""251350_01\"", \""julia_support_fill_adapter\"": false}""",
JULIA_STRATEGY_V00,219390,RISE 미국S&P원유생산기업(합성 H),KR7219390002,2023-08-04,2023-08-07,6530.0,,,2026-08-31,,8220.0,25.88055130168454,25.735936114762147,0.00015,0.001,0.0,OPEN_AT_CUTOFF,NO_PROGRESSED_BEFORE_CUTOFF,745,2018-06-01,2026-08-31,KRX_RAW_ETF_OHLCV,ETF_PIT_LISTED_2Y_CLOSE_1000_VOL20_10000_V01,SECTOR_INDUSTRY,A,2018-06-01,"""{\""canonical_entry_stage\"": \""EARLY_TREND\"", \""canonical_exit_type\"": \""NO_PROGRESSED_BEFORE_CUTOFF\"", \""canonical_trade_id\"": \""219390_01\"", \""julia_support_fill_adapter\"": false}""",
JULIA_STRATEGY_V00,316670,KIWOOM 코스닥150,KR7316670009,2023-08-04,2023-08-07,7395.0,2026-05-31,2026-06-01,2026-06-01,9355.0,9355.0,26.504394861392843,26.213769016527124,0.00015,0.001,0.0,REALIZED,EXIT4_SCORE_DRAWDOWN_GE_15,683,2022-01-07,2026-08-31,KRX_RAW_ETF_OHLCV,ETF_PIT_LISTED_2Y_CLOSE_1000_VOL20_10000_V01,MARKET_INDEX,B,2022-01-28,"""{\""canonical_entry_stage\"": \""TRANSITION\"", \""canonical_exit_type\"": \""EXIT4_SCORE_DRAWDOWN_GE_15\"", \""canonical_trade_id\"": \""316670_01\"", \""julia_support_fill_adapter\"": false}""",
JULIA_STRATEGY_V00,218420,KODEX 미국S&P500에너지(합성),KR7218420008,2023-09-01,2023-09-04,13975.0,,,2026-08-31,,20165.0,44.29338103756708,44.12761266386176,0.00015,0.001,0.0,OPEN_AT_CUTOFF,NO_EXIT_BEFORE_CUTOFF,726,2018-03-30,2026-08-31,KRX_RAW_ETF_OHLCV,ETF_PIT_LISTED_2Y_CLOSE_1000_VOL20_10000_V01,SECTOR_INDUSTRY,B,2018-04-30,"""{\""canonical_entry_stage\"": \""EARLY_TREND\"", \""canonical_exit_type\"": \""NO_EXIT_BEFORE_CUTOFF\"", \""canonical_trade_id\"": \""218420_02\"", \""julia_support_fill_adapter\"": false}""",
JULIA_STRATEGY_V00,360200,ACE 미국S&P500,KR7360200000,2023-10-06,2023-10-10,14770.0,,,2026-08-31,,26410.0,78.80839539607311,78.60297518416506,0.00015,0.001,0.0,OPEN_AT_CUTOFF,NO_EXIT_BEFORE_CUTOFF,705,2023-08-04,2026-08-31,KRX_RAW_ETF_OHLCV,ETF_PIT_LISTED_2Y_CLOSE_1000_VOL20_10000_V01,MARKET_INDEX,A,2023-08-04,"""{\""canonical_entry_stage\"": \""TRANSITION\"", \""canonical_exit_type\"": \""NO_EXIT_BEFORE_CUTOFF\"", \""canonical_trade_id\"": \""360200_01\"", \""julia_support_fill_adapter\"": false}""",
JULIA_STRATEGY_V00,360750,TIGER 미국S&P500,KR7360750004,2023-10-06,2023-10-10,14610.0,,,2026-08-31,,26130.0,78.8501026694045,78.64463454298492,0.00015,0.001,0.0,OPEN_AT_CUTOFF,NO_EXIT_BEFORE_CUTOFF,705,2023-08-04,2026-08-31,KRX_RAW_ETF_OHLCV,ETF_PIT_LISTED_2Y_CLOSE_1000_VOL20_10000_V01,MARKET_INDEX,A,2023-08-04,"""{\""canonical_entry_stage\"": \""TRANSITION\"", \""canonical_exit_type\"": \""NO_EXIT_BEFORE_CUTOFF\"", \""canonical_trade_id\"": \""360750_01\"", \""julia_support_fill_adapter\"": false}""",
JULIA_STRATEGY_V00,367380,ACE 미국나스닥100,KR7367380003,2023-11-03,2023-11-06,15110.0,2024-10-31,2024-11-01,2024-11-01,20965.0,20965.0,38.749172733289214,38.430416253767575,0.00015,0.001,0.0,REALIZED,EXIT4_SCORE_DRAWDOWN_GE_15,242,2023-10-06,2026-08-31,KRX_RAW_ETF_OHLCV,ETF_PIT_LISTED_2Y_CLOSE_1000_VOL20_10000_V01,MARKET_INDEX,B,2023-10-31,"""{\""canonical_entry_stage\"": \""TRANSITION\"", \""canonical_exit_type\"": \""EXIT4_SCORE_DRAWDOWN_GE_15\"", \""canonical_trade_id\"": \""367380_01\"", \""julia_support_fill_adapter\"": false}""",
JULIA_STRATEGY_V00,368590,RISE 미국나스닥100,KR7368590006,2023-11-03,2023-11-06,14615.0,2024-10-31,2024-11-01,2024-11-01,20300.0,20300.0,38.89839206294903,38.57929277325229,0.00015,0.001,0.0,REALIZED,EXIT4_SCORE_DRAWDOWN_GE_15,242,2023-11-03,2026-08-31,KRX_RAW_ETF_OHLCV,ETF_PIT_LISTED_2Y_CLOSE_1000_VOL20_10000_V01,MARKET_INDEX,A,2023-11-03,"""{\""canonical_entry_stage\"": \""TRANSITION\"", \""canonical_exit_type\"": \""EXIT4_SCORE_DRAWDOWN_GE_15\"", \""canonical_trade_id\"": \""368590_01\"", \""julia_support_fill_adapter\"": false}""",
JULIA_STRATEGY_V00,238720,ACE 일본Nikkei225(H),KR7238720007,2023-11-17,2023-11-20,23155.0,2024-09-30,2024-10-02,2024-10-02,26640.0,26640.0,15.050744979486064,14.786432265301475,0.00015,0.001,0.0,REALIZED,EXIT3_PROGRESSED_TO_TRANSITION,212,2019-03-08,2026-08-31,KRX_RAW_ETF_OHLCV,ETF_PIT_LISTED_2Y_CLOSE_1000_VOL20_10000_V01,MARKET_INDEX,A,2019-03-08,"""{\""canonical_entry_stage\"": \""TRANSITION\"", \""canonical_exit_type\"": \""EXIT3_PROGRESSED_TO_TRANSITION\"", \""canonical_trade_id\"": \""238720_01\"", \""julia_support_fill_adapter\"": false}""",
JULIA_STRATEGY_V00,253280,RISE 헬스케어,KR7253280002,2024-01-05,2024-01-08,12960.0,,,2026-08-31,,13380.0,3.240740740740744,3.1221348173805286,0.00015,0.001,0.0,OPEN_AT_CUTOFF,NO_PROGRESSED_BEFORE_CUTOFF,644,2019-08-30,2026-08-31,KRX_RAW_ETF_OHLCV,ETF_PIT_LISTED_2Y_CLOSE_1000_VOL20_10000_V01,SECTOR_INDUSTRY,B,2019-09-30,"""{\""canonical_entry_stage\"": \""TRANSITION\"", \""canonical_exit_type\"": \""NO_PROGRESSED_BEFORE_CUTOFF\"", \""canonical_trade_id\"": \""253280_01\"", \""julia_support_fill_adapter\"": false}""",
JULIA_STRATEGY_V00,266420,KODEX 헬스케어,KR7266420009,2024-01-05,2024-01-08,14075.0,2025-03-31,2025-04-01,2025-04-01,16035.0,16035.0,13.925399644760205,13.663672251338799,0.00015,0.001,0.0,REALIZED,EXIT3_PROGRESSED_TO_TRANSITION,299,2020-02-28,2026-08-31,KRX_RAW_ETF_OHLCV,ETF_PIT_LISTED_2Y_CLOSE_1000_VOL20_10000_V01,SECTOR_INDUSTRY,B,2020-03-31,"""{\""canonical_entry_stage\"": \""TRANSITION\"", \""canonical_exit_type\"": \""EXIT3_PROGRESSED_TO_TRANSITION\"", \""canonical_trade_id\"": \""266420_02\"", \""julia_support_fill_adapter\"": false}""",
JULIA_STRATEGY_V00,280930,KODEX 미국러셀2000(H),KR7280930009,2024-01-05,2024-01-08,12150.0,,,2026-08-31,,16815.0,38.39506172839506,38.236069513044654,0.00015,0.001,0.0,OPEN_AT_CUTOFF,NO_PROGRESSED_BEFORE_CUTOFF,644,2020-10-30,2026-08-31,KRX_RAW_ETF_OHLCV,ETF_PIT_LISTED_2Y_CLOSE_1000_VOL20_10000_V01,MARKET_INDEX,B,2020-11-30,"""{\""canonical_entry_stage\"": \""TRANSITION\"", \""canonical_exit_type\"": \""NO_PROGRESSED_BEFORE_CUTOFF\"", \""canonical_trade_id\"": \""280930_02\"", \""julia_support_fill_adapter\"": false}""",
JULIA_STRATEGY_V00,185680,KODEX 미국S&P바이오(합성),KR7185680006,2024-02-02,2024-02-05,25500.0,,,2026-08-31,,47430.0,86.00000000000001,85.78631786650584,0.00015,0.001,0.0,OPEN_AT_CUTOFF,NO_EXIT_BEFORE_CUTOFF,624,2017-01-06,2026-08-31,KRX_RAW_ETF_OHLCV,ETF_PIT_LISTED_2Y_CLOSE_1000_VOL20_10000_V01,SECTOR_INDUSTRY,B,2017-01-31,"""{\""canonical_entry_stage\"": \""TRANSITION\"", \""canonical_exit_type\"": \""NO_EXIT_BEFORE_CUTOFF\"", \""canonical_trade_id\"": \""185680_01\"", \""julia_support_fill_adapter\"": false}""",
JULIA_STRATEGY_V00,364970,TIGER 바이오TOP10,KR7364970004,2024-02-02,2024-02-05,6460.0,,,2026-08-31,,7530.0,16.563467492260052,16.429556038382522,0.00015,0.001,0.0,OPEN_AT_CUTOFF,NO_PROGRESSED_BEFORE_CUTOFF,624,2023-10-06,2026-08-31,KRX_RAW_ETF_OHLCV,ETF_PIT_LISTED_2Y_CLOSE_1000_VOL20_10000_V01,SECTOR_INDUSTRY,B,2023-10-31,"""{\""canonical_entry_stage\"": \""TRANSITION\"", \""canonical_exit_type\"": \""NO_PROGRESSED_BEFORE_CUTOFF\"", \""canonical_trade_id\"": \""364970_01\"", \""julia_support_fill_adapter\"": false}""",
JULIA_STRATEGY_V00,143860,TIGER 헬스케어,KR7143860005,2024-02-23,2024-02-26,32075.0,2025-03-31,2025-04-01,2025-04-01,35800.0,35800.0,11.613406079501164,11.356990162285507,0.00015,0.001,0.0,REALIZED,EXIT3_PROGRESSED_TO_TRANSITION,266,2017-01-06,2026-08-31,KRX_RAW_ETF_OHLCV,ETF_PIT_LISTED_2Y_CLOSE_1000_VOL20_10000_V01,SECTOR_INDUSTRY,B,2017-01-31,"""{\""canonical_entry_stage\"": \""TRANSITION\"", \""canonical_exit_type\"": \""EXIT3_PROGRESSED_TO_TRANSITION\"", \""canonical_trade_id\"": \""143860_03\"", \""julia_support_fill_adapter\"": false}""",
JULIA_STRATEGY_V00,245710,ACE 베트남VN30(합성),KR7245710009,2024-03-29,2024-04-01,20080.0,2026-04-30,2026-05-04,2026-05-04,31640.0,31640.0,57.569721115537845,57.20772710438402,0.00015,0.001,0.0,REALIZED,EXIT4_SCORE_DRAWDOWN_GE_15,507,2019-06-28,2026-08-31,KRX_RAW_ETF_OHLCV,ETF_PIT_LISTED_2Y_CLOSE_1000_VOL20_10000_V01,MARKET_INDEX,B,2019-07-31,"""{\""canonical_entry_stage\"": \""TRANSITION\"", \""canonical_exit_type\"": \""EXIT4_SCORE_DRAWDOWN_GE_15\"", \""canonical_trade_id\"": \""245710_02\"", \""julia_support_fill_adapter\"": false}""",
JULIA_STRATEGY_V00,301400,PLUS 코스닥150,KR7301400008,2024-04-26,2024-04-29,14455.0,2026-05-31,2026-06-01,2026-06-01,18915.0,18915.0,30.854375648564503,30.55375634186841,0.00015,0.001,0.0,REALIZED,EXIT4_SCORE_DRAWDOWN_GE_15,506,2021-07-02,2026-08-31,KRX_RAW_ETF_OHLCV,ETF_PIT_LISTED_2Y_CLOSE_1000_VOL20_10000_V01,MARKET_INDEX,A,2021-07-02,"""{\""canonical_entry_stage\"": \""TRANSITION\"", \""canonical_exit_type\"": \""EXIT4_SCORE_DRAWDOWN_GE_15\"", \""canonical_trade_id\"": \""301400_01\"", \""julia_support_fill_adapter\"": false}""",
JULIA_STRATEGY_V00,069500,KODEX 200,KR7069500007,2024-05-03,2024-05-07,37075.0,2026-02-28,2026-03-03,2026-03-03,92035.0,92035.0,148.2400539447067,147.66975774680583,0.00015,0.001,0.0,REALIZED,EXIT4_SCORE_DRAWDOWN_GE_15,441,2017-01-06,2026-08-31,KRX_RAW_ETF_OHLCV,ETF_PIT_LISTED_2Y_CLOSE_1000_VOL20_10000_V01,MARKET_INDEX,B,2017-01-31,"""{\""canonical_entry_stage\"": \""TRANSITION\"", \""canonical_exit_type\"": \""EXIT4_SCORE_DRAWDOWN_GE_15\"", \""canonical_trade_id\"": \""069500_02\"", \""julia_support_fill_adapter\"": false}""",
JULIA_STRATEGY_V00,069660,KIWOOM 200,KR7069660009,2024-05-03,2024-05-07,37035.0,2026-02-28,2026-03-03,2026-03-03,91935.0,91935.0,148.23815309842044,147.6678612674435,0.00015,0.001,0.0,REALIZED,EXIT4_SCORE_DRAWDOWN_GE_15,441,2017-01-06,2026-08-31,KRX_RAW_ETF_OHLCV,ETF_PIT_LISTED_2Y_CLOSE_1000_VOL20_10000_V01,MARKET_INDEX,B,2017-01-31,"""{\""canonical_entry_stage\"": \""TRANSITION\"", \""canonical_exit_type\"": \""EXIT4_SCORE_DRAWDOWN_GE_15\"", \""canonical_trade_id\"": \""069660_02\"", \""julia_support_fill_adapter\"": false}""",
JULIA_STRATEGY_V00,102110,TIGER 200,KR7102110004,2024-05-03,2024-05-07,37130.0,2026-02-28,2026-03-03,2026-03-03,92200.0,92200.0,148.31672502019927,147.7462526814133,0.00015,0.001,0.0,REALIZED,EXIT4_SCORE_DRAWDOWN_GE_15,441,2017-01-06,2026-08-31,KRX_RAW_ETF_OHLCV,ETF_PIT_LISTED_2Y_CLOSE_1000_VOL20_10000_V01,MARKET_INDEX,B,2017-01-31,"""{\""canonical_entry_stage\"": \""TRANSITION\"", \""canonical_exit_type\"": \""EXIT4_SCORE_DRAWDOWN_GE_15\"", \""canonical_trade_id\"": \""102110_02\"", \""julia_support_fill_adapter\"": false}""",
JULIA_STRATEGY_V00,105190,ACE 200,KR7105190003,2024-05-03,2024-05-07,37465.0,2026-02-28,2026-03-03,2026-03-03,92710.0,92710.0,147.45762711864407,146.8891284350321,0.00015,0.001,0.0,REALIZED,EXIT4_SCORE_DRAWDOWN_GE_15,441,2017-01-06,2026-08-31,KRX_RAW_ETF_OHLCV,ETF_PIT_LISTED_2Y_CLOSE_1000_VOL20_10000_V01,MARKET_INDEX,B,2017-01-31,"""{\""canonical_entry_stage\"": \""TRANSITION\"", \""canonical_exit_type\"": \""EXIT4_SCORE_DRAWDOWN_GE_15\"", \""canonical_trade_id\"": \""105190_02\"", \""julia_support_fill_adapter\"": false}""",
JULIA_STRATEGY_V00,148020,RISE 200,KR7148020001,2024-05-03,2024-05-07,37340.0,2026-02-28,2026-03-03,2026-03-03,92755.0,92755.0,148.40653454740226,147.8358558840079,0.00015,0.001,0.0,REALIZED,EXIT4_SCORE_DRAWDOWN_GE_15,441,2017-01-06,2026-08-31,KRX_RAW_ETF_OHLCV,ETF_PIT_LISTED_2Y_CLOSE_1000_VOL20_10000_V01,MARKET_INDEX,B,2017-01-31,"""{\""canonical_entry_stage\"": \""TRANSITION\"", \""canonical_exit_type\"": \""EXIT4_SCORE_DRAWDOWN_GE_15\"", \""canonical_trade_id\"": \""148020_02\"", \""julia_support_fill_adapter\"": false}""",
JULIA_STRATEGY_V00,152100,PLUS 200,KR7152100004,2024-05-03,2024-05-07,37700.0,2026-02-28,2026-03-03,2026-03-03,93800.0,93800.0,148.80636604774534,148.23476882837733,0.00015,0.001,0.0,REALIZED,EXIT4_SCORE_DRAWDOWN_GE_15,441,2017-01-06,2026-08-31,KRX_RAW_ETF_OHLCV,ETF_PIT_LISTED_2Y_CLOSE_1000_VOL20_10000_V01,MARKET_INDEX,B,2017-01-31,"""{\""canonical_entry_stage\"": \""TRANSITION\"", \""canonical_exit_type\"": \""EXIT4_SCORE_DRAWDOWN_GE_15\"", \""canonical_trade_id\"": \""152100_02\"", \""julia_support_fill_adapter\"": false}""",
JULIA_STRATEGY_V00,226490,KODEX 코스피,KR7226490001,2024-05-03,2024-05-07,27580.0,2026-05-31,2026-06-01,2026-06-01,87085.0,87085.0,215.75416968817981,215.0287694170189,0.00015,0.001,0.0,REALIZED,EXIT4_SCORE_DRAWDOWN_GE_15,502,2018-08-03,2026-08-31,KRX_RAW_ETF_OHLCV,ETF_PIT_LISTED_2Y_CLOSE_1000_VOL20_10000_V01,MARKET_INDEX,A,2018-08-03,"""{\""canonical_entry_stage\"": \""TRANSITION\"", \""canonical_exit_type\"": \""EXIT4_SCORE_DRAWDOWN_GE_15\"", \""canonical_trade_id\"": \""226490_02\"", \""julia_support_fill_adapter\"": false}""",
JULIA_STRATEGY_V00,228790,TIGER 화장품,KR7228790002,2024-05-03,2024-05-07,2875.0,2025-12-31,2026-01-02,2026-01-02,3305.0,3305.0,14.956521739130423,14.692425489432036,0.00015,0.001,0.0,REALIZED,EXIT3_PROGRESSED_TO_TRANSITION,403,2018-09-28,2026-08-31,KRX_RAW_ETF_OHLCV,ETF_PIT_LISTED_2Y_CLOSE_1000_VOL20_10000_V01,SECTOR_INDUSTRY,B,2018-10-31,"""{\""canonical_entry_stage\"": \""TRANSITION\"", \""canonical_exit_type\"": \""EXIT3_PROGRESSED_TO_TRANSITION\"", \""canonical_trade_id\"": \""228790_01\"", \""julia_support_fill_adapter\"": false}""",
JULIA_STRATEGY_V00,237350,KODEX 코스피100,KR7237350004,2024-05-03,2024-05-07,28645.0,2026-02-28,2026-03-03,2026-03-03,72820.0,72820.0,154.21539535695584,153.631371662487,0.00015,0.001,0.0,REALIZED,EXIT4_SCORE_DRAWDOWN_GE_15,441,2018-12-28,2026-08-31,KRX_RAW_ETF_OHLCV,ETF_PIT_LISTED_2Y_CLOSE_1000_VOL20_10000_V01,MARKET_INDEX,B,2019-01-31,"""{\""canonical_entry_stage\"": \""TRANSITION\"", \""canonical_exit_type\"": \""EXIT4_SCORE_DRAWDOWN_GE_15\"", \""canonical_trade_id\"": \""237350_02\"", \""julia_support_fill_adapter\"": false}""",
JULIA_STRATEGY_V00,245360,TIGER 차이나HSCEI,KR7245360003,2024-05-03,2024-05-07,9505.0,2026-02-28,2026-03-03,2026-03-03,13360.0,13360.0,40.557601262493414,40.23469017577608,0.00015,0.001,0.0,REALIZED,EXIT3_PROGRESSED_TO_TRANSITION,441,2019-05-31,2026-08-31,KRX_RAW_ETF_OHLCV,ETF_PIT_LISTED_2Y_CLOSE_1000_VOL20_10000_V01,MARKET_INDEX,A,2019-05-31,"""{\""canonical_entry_stage\"": \""TRANSITION\"", \""canonical_exit_type\"": \""EXIT3_PROGRESSED_TO_TRANSITION\"", \""canonical_trade_id\"": \""245360_01\"", \""julia_support_fill_adapter\"": false}""",
JULIA_STRATEGY_V00,293180,HANARO 200,KR7293180006,2024-05-03,2024-05-07,37245.0,2026-02-28,2026-03-03,2026-03-03,92460.0,92460.0,148.2480869915425,147.6777723388597,0.00015,0.001,0.0,REALIZED,EXIT4_SCORE_DRAWDOWN_GE_15,441,2021-02-26,2026-08-31,KRX_RAW_ETF_OHLCV,ETF_PIT_LISTED_2Y_CLOSE_1000_VOL20_10000_V01,MARKET_INDEX,B,2021-03-31,"""{\""canonical_entry_stage\"": \""TRANSITION\"", \""canonical_exit_type\"": \""EXIT4_SCORE_DRAWDOWN_GE_15\"", \""canonical_trade_id\"": \""293180_01\"", \""julia_support_fill_adapter\"": false}""",
JULIA_STRATEGY_V00,302450,RISE 코스피,KR7302450002,2024-05-03,2024-05-07,28085.0,2026-05-31,2026-06-01,2026-06-01,87825.0,87825.0,212.71141178565068,211.9930018177683,0.00015,0.001,0.0,REALIZED,EXIT4_SCORE_DRAWDOWN_GE_15,502,2021-07-02,2026-08-31,KRX_RAW_ETF_OHLCV,ETF_PIT_LISTED_2Y_CLOSE_1000_VOL20_10000_V01,MARKET_INDEX,A,2021-07-02,"""{\""canonical_entry_stage\"": \""TRANSITION\"", \""canonical_exit_type\"": \""EXIT4_SCORE_DRAWDOWN_GE_15\"", \""canonical_trade_id\"": \""302450_01\"", \""julia_support_fill_adapter\"": false}""",
JULIA_STRATEGY_V00,363580,KODEX 200IT TR,KR7363580002,2024-05-03,2024-05-07,13280.0,2026-02-28,2026-03-03,2026-03-03,35885.0,35885.0,170.21837349397592,169.59758523455628,0.00015,0.001,0.0,REALIZED,EXIT4_SCORE_DRAWDOWN_GE_15,441,2023-09-01,2026-08-31,KRX_RAW_ETF_OHLCV,ETF_PIT_LISTED_2Y_CLOSE_1000_VOL20_10000_V01,SECTOR_INDUSTRY,A,2023-09-01,"""{\""canonical_entry_stage\"": \""TRANSITION\"", \""canonical_exit_type\"": \""EXIT4_SCORE_DRAWDOWN_GE_15\"", \""canonical_trade_id\"": \""363580_01\"", \""julia_support_fill_adapter\"": false}""",
JULIA_STRATEGY_V00,371150,RISE 차이나항셍테크,KR7371150004,2024-05-17,2024-05-20,6005.0,2025-06-30,2025-07-01,2025-07-01,7895.0,7895.0,31.473771856786016,31.171729575445294,0.00015,0.001,0.0,REALIZED,EXIT4_SCORE_DRAWDOWN_GE_15,271,2023-12-01,2026-08-31,KRX_RAW_ETF_OHLCV,ETF_PIT_LISTED_2Y_CLOSE_1000_VOL20_10000_V01,SECTOR_INDUSTRY,A,2023-12-01,"""{\""canonical_entry_stage\"": \""TRANSITION\"", \""canonical_exit_type\"": \""EXIT4_SCORE_DRAWDOWN_GE_15\"", \""canonical_trade_id\"": \""371150_01\"", \""julia_support_fill_adapter\"": false}""",
JULIA_STRATEGY_V00,371160,TIGER 차이나항셍테크,KR7371160003,2024-05-17,2024-05-20,6210.0,2025-06-30,2025-07-01,2025-07-01,7970.0,7970.0,28.341384863123984,28.046538795143917,0.00015,0.001,0.0,REALIZED,EXIT4_SCORE_DRAWDOWN_GE_15,271,2023-12-01,2026-08-31,KRX_RAW_ETF_OHLCV,ETF_PIT_LISTED_2Y_CLOSE_1000_VOL20_10000_V01,SECTOR_INDUSTRY,A,2023-12-01,"""{\""canonical_entry_stage\"": \""TRANSITION\"", \""canonical_exit_type\"": \""EXIT4_SCORE_DRAWDOWN_GE_15\"", \""canonical_trade_id\"": \""371160_01\"", \""julia_support_fill_adapter\"": false}""",
JULIA_STRATEGY_V00,372330,KODEX 차이나항셍테크,KR7372330001,2024-05-17,2024-05-20,6220.0,2025-06-30,2025-07-01,2025-07-01,7940.0,7940.0,27.65273311897105,27.359469130373924,0.00015,0.001,0.0,REALIZED,EXIT4_SCORE_DRAWDOWN_GE_15,271,2023-12-01,2026-08-31,KRX_RAW_ETF_OHLCV,ETF_PIT_LISTED_2Y_CLOSE_1000_VOL20_10000_V01,SECTOR_INDUSTRY,A,2023-12-01,"""{\""canonical_entry_stage\"": \""TRANSITION\"", \""canonical_exit_type\"": \""EXIT4_SCORE_DRAWDOWN_GE_15\"", \""canonical_trade_id\"": \""372330_01\"", \""julia_support_fill_adapter\"": false}""",
JULIA_STRATEGY_V00,377990,TIGER Fn신재생에너지,KR7377990007,2024-05-24,2024-05-27,10300.0,2025-10-31,2025-11-03,2025-11-03,19985.0,19985.0,94.02912621359224,93.58337190761597,0.00015,0.001,0.0,REALIZED,EXIT4_SCORE_DRAWDOWN_GE_15,349,2024-03-08,2026-08-31,KRX_RAW_ETF_OHLCV,ETF_PIT_LISTED_2Y_CLOSE_1000_VOL20_10000_V01,SECTOR_INDUSTRY,A,2024-03-08,"""{\""canonical_entry_stage\"": \""TRANSITION\"", \""canonical_exit_type\"": \""EXIT4_SCORE_DRAWDOWN_GE_15\"", \""canonical_trade_id\"": \""377990_01\"", \""julia_support_fill_adapter\"": false}""",
JULIA_STRATEGY_V00,277630,TIGER 코스피,KR7277630000,2024-05-31,2024-06-03,27475.0,2026-05-31,2026-06-01,2026-06-01,88090.0,88090.0,220.61874431301183,219.88216837390829,0.00015,0.001,0.0,REALIZED,EXIT4_SCORE_DRAWDOWN_GE_15,484,2020-07-31,2026-08-31,KRX_RAW_ETF_OHLCV,ETF_PIT_LISTED_2Y_CLOSE_1000_VOL20_10000_V01,MARKET_INDEX,A,2020-07-31,"""{\""canonical_entry_stage\"": \""TRANSITION\"", \""canonical_exit_type\"": \""EXIT4_SCORE_DRAWDOWN_GE_15\"", \""canonical_trade_id\"": \""277630_02\"", \""julia_support_fill_adapter\"": false}""",
JULIA_STRATEGY_V00,278530,KODEX 200TR,KR7278530001,2024-05-31,2024-06-03,12600.0,2026-01-31,2026-02-02,2026-02-02,27240.0,27240.0,116.19047619047618,115.69380933662008,0.00015,0.001,0.0,REALIZED,EXIT4_SCORE_DRAWDOWN_GE_15,406,2020-10-30,2026-08-31,KRX_RAW_ETF_OHLCV,ETF_PIT_LISTED_2Y_CLOSE_1000_VOL20_10000_V01,MARKET_INDEX,B,2020-11-30,"""{\""canonical_entry_stage\"": \""TRANSITION\"", \""canonical_exit_type\"": \""EXIT4_SCORE_DRAWDOWN_GE_15\"", \""canonical_trade_id\"": \""278530_02\"", \""julia_support_fill_adapter\"": false}""",
JULIA_STRATEGY_V00,294400,KIWOOM 200TR,KR7294400007,2024-05-31,2024-06-03,45810.0,2026-01-31,2026-02-02,2026-02-02,98505.0,98505.0,115.02946954813358,114.53546994182008,0.00015,0.001,0.0,REALIZED,EXIT4_SCORE_DRAWDOWN_GE_15,406,2021-04-02,2026-08-31,KRX_RAW_ETF_OHLCV,ETF_PIT_LISTED_2Y_CLOSE_1000_VOL20_10000_V01,MARKET_INDEX,A,2021-04-02,"""{\""canonical_entry_stage\"": \""TRANSITION\"", \""canonical_exit_type\"": \""EXIT4_SCORE_DRAWDOWN_GE_15\"", \""canonical_trade_id\"": \""294400_01\"", \""julia_support_fill_adapter\"": false}""",
JULIA_STRATEGY_V00,295040,SOL 200TR,KR7295040000,2024-05-31,2024-06-03,13130.0,2026-01-31,2026-02-02,2026-02-02,28275.0,28275.0,115.34653465346535,114.85180663519259,0.00015,0.001,0.0,REALIZED,EXIT4_SCORE_DRAWDOWN_GE_15,406,2021-04-02,2026-08-31,KRX_RAW_ETF_OHLCV,ETF_PIT_LISTED_2Y_CLOSE_1000_VOL20_10000_V01,MARKET_INDEX,A,2021-04-02,"""{\""canonical_entry_stage\"": \""TRANSITION\"", \""canonical_exit_type\"": \""EXIT4_SCORE_DRAWDOWN_GE_15\"", \""canonical_trade_id\"": \""295040_01\"", \""julia_support_fill_adapter\"": false}""",
JULIA_STRATEGY_V00,361580,RISE 200TR,KR7361580004,2024-05-31,2024-06-03,19850.0,2026-01-31,2026-02-02,2026-02-02,42745.0,42745.0,115.34005037783376,114.84533725626149,0.00015,0.001,0.0,REALIZED,EXIT4_SCORE_DRAWDOWN_GE_15,406,2023-08-04,2026-08-31,KRX_RAW_ETF_OHLCV,ETF_PIT_LISTED_2Y_CLOSE_1000_VOL20_10000_V01,MARKET_INDEX,A,2023-08-04,"""{\""canonical_entry_stage\"": \""TRANSITION\"", \""canonical_exit_type\"": \""EXIT4_SCORE_DRAWDOWN_GE_15\"", \""canonical_trade_id\"": \""361580_01\"", \""julia_support_fill_adapter\"": false}""",
JULIA_STRATEGY_V00,227560,TIGER 200 생활소비재,KR7227560000,2024-06-14,2024-06-17,9070.0,2026-05-31,2026-06-01,2026-06-01,12840.0,12840.0,41.565600882028676,41.24037405962977,0.00015,0.001,0.0,REALIZED,EXIT4_SCORE_DRAWDOWN_GE_15,475,2018-08-31,2026-08-31,KRX_RAW_ETF_OHLCV,ETF_PIT_LISTED_2Y_CLOSE_1000_VOL20_10000_V01,SECTOR_INDUSTRY,A,2018-08-31,"""{\""canonical_entry_stage\"": \""TRANSITION\"", \""canonical_exit_type\"": \""EXIT4_SCORE_DRAWDOWN_GE_15\"", \""canonical_trade_id\"": \""227560_01\"", \""julia_support_fill_adapter\"": false}""",
JULIA_STRATEGY_V00,328370,PLUS 코스피TR,KR7328370002,2024-06-21,2024-06-24,15030.0,2026-02-28,2026-03-03,2026-03-03,34430.0,34430.0,129.07518296739852,128.54891533329288,0.00015,0.001,0.0,REALIZED,EXIT4_SCORE_DRAWDOWN_GE_15,409,2022-06-03,2026-08-31,KRX_RAW_ETF_OHLCV,ETF_PIT_LISTED_2Y_CLOSE_1000_VOL20_10000_V01,MARKET_INDEX,A,2022-06-03,"""{\""canonical_entry_stage\"": \""TRANSITION\"", \""canonical_exit_type\"": \""EXIT4_SCORE_DRAWDOWN_GE_15\"", \""canonical_trade_id\"": \""328370_01\"", \""julia_support_fill_adapter\"": false}""",
JULIA_STRATEGY_V00,394660,TIGER 글로벌자율주행&전기차SOLACTIVE,KR7394660005,2024-06-28,2024-07-01,11095.0,,,2026-08-31,,15800.0,42.406489409643974,42.24288875114686,0.00015,0.001,0.0,OPEN_AT_CUTOFF,NO_EXIT_BEFORE_CUTOFF,527,2024-06-28,2026-08-31,KRX_RAW_ETF_OHLCV,ETF_PIT_LISTED_2Y_CLOSE_1000_VOL20_10000_V01,SECTOR_INDUSTRY,B,2024-07-31,"""{\""canonical_entry_stage\"": \""TRANSITION\"", \""canonical_exit_type\"": \""NO_EXIT_BEFORE_CUTOFF\"", \""canonical_trade_id\"": \""394660_01\"", \""julia_support_fill_adapter\"": false}""",
JULIA_STRATEGY_V00,385720,TIME 코스피액티브,KR7385720008,2024-08-02,2024-08-05,9445.0,2026-02-28,2026-03-03,2026-03-03,22735.0,22735.0,140.70937003705666,140.15637451377248,0.00015,0.001,0.0,REALIZED,EXIT4_SCORE_DRAWDOWN_GE_15,379,2024-05-03,2026-08-31,KRX_RAW_ETF_OHLCV,ETF_PIT_LISTED_2Y_CLOSE_1000_VOL20_10000_V01,MARKET_INDEX,A,2024-05-03,"""{\""canonical_entry_stage\"": \""TRANSITION\"", \""canonical_exit_type\"": \""EXIT4_SCORE_DRAWDOWN_GE_15\"", \""canonical_trade_id\"": \""385720_01\"", \""julia_support_fill_adapter\"": false}""",
JULIA_STRATEGY_V00,359210,KODEX 코스피TR,KR7359210002,2024-08-16,2024-08-19,13435.0,2026-02-28,2026-03-03,2026-03-03,31815.0,31815.0,136.80684778563452,136.26281775187095,0.00015,0.001,0.0,REALIZED,EXIT4_SCORE_DRAWDOWN_GE_15,370,2023-06-30,2026-08-31,KRX_RAW_ETF_OHLCV,ETF_PIT_LISTED_2Y_CLOSE_1000_VOL20_10000_V01,MARKET_INDEX,A,2023-06-30,"""{\""canonical_entry_stage\"": \""TRANSITION\"", \""canonical_exit_type\"": \""EXIT4_SCORE_DRAWDOWN_GE_15\"", \""canonical_trade_id\"": \""359210_01\"", \""julia_support_fill_adapter\"": false}""",
JULIA_STRATEGY_V00,244580,KODEX 바이오,KR7244580007,2024-10-18,2024-10-21,9225.0,2026-06-30,2026-07-01,2026-07-01,9470.0,9470.0,2.6558265582655727,2.419989405283096,0.00015,0.001,0.0,REALIZED,EXIT4_SCORE_DRAWDOWN_GE_15,413,2019-05-03,2026-08-31,KRX_RAW_ETF_OHLCV,ETF_PIT_LISTED_2Y_CLOSE_1000_VOL20_10000_V01,SECTOR_INDUSTRY,A,2019-05-03,"""{\""canonical_entry_stage\"": \""TRANSITION\"", \""canonical_exit_type\"": \""EXIT4_SCORE_DRAWDOWN_GE_15\"", \""canonical_trade_id\"": \""244580_02\"", \""julia_support_fill_adapter\"": false}""",
JULIA_STRATEGY_V00,411060,ACE KRX금현물,KR7411060007,2024-11-29,2024-12-02,17125.0,2025-05-31,2025-06-02,2025-06-02,20630.0,20630.0,20.467153284671525,20.19039714319293,0.00015,0.001,0.0,REALIZED,EXIT4_SCORE_DRAWDOWN_GE_15,120,2024-11-29,2026-08-31,KRX_RAW_ETF_OHLCV,ETF_PIT_LISTED_2Y_CLOSE_1000_VOL20_10000_V01,COMMODITY_RESOURCE,B,2024-12-30,"""{\""canonical_entry_stage\"": \""EARLY_TREND\"", \""canonical_exit_type\"": \""EXIT4_SCORE_DRAWDOWN_GE_15\"", \""canonical_trade_id\"": \""411060_01\"", \""julia_support_fill_adapter\"": false}""",
JULIA_STRATEGY_V00,395290,HANARO Fn K-POP&미디어,KR7395290000,2025-02-14,2025-02-17,7770.0,,,2026-08-31,,4985.0,-35.84298584298584,-35.91669126053254,0.00015,0.001,0.0,OPEN_AT_CUTOFF,NO_PROGRESSED_BEFORE_CUTOFF,376,2024-06-28,2026-08-31,KRX_RAW_ETF_OHLCV,ETF_PIT_LISTED_2Y_CLOSE_1000_VOL20_10000_V01,SECTOR_INDUSTRY,B,2024-07-31,"""{\""canonical_entry_stage\"": \""TRANSITION\"", \""canonical_exit_type\"": \""NO_PROGRESSED_BEFORE_CUTOFF\"", \""canonical_trade_id\"": \""395290_01\"", \""julia_support_fill_adapter\"": false}""",
JULIA_STRATEGY_V00,117690,TIGER 차이나항셍30,KR7117690008,2025-02-21,2025-02-24,21700.0,2025-05-31,2025-06-02,2025-06-02,19980.0,19980.0,-7.926267281105992,-8.137793579387465,0.00015,0.001,0.0,REALIZED,EXIT4_SCORE_DRAWDOWN_GE_15,67,2017-01-06,2026-08-31,KRX_RAW_ETF_OHLCV,ETF_PIT_LISTED_2Y_CLOSE_1000_VOL20_10000_V01,MARKET_INDEX,B,2017-01-31,"""{\""canonical_entry_stage\"": \""EARLY_TREND\"", \""canonical_exit_type\"": \""EXIT4_SCORE_DRAWDOWN_GE_15\"", \""canonical_trade_id\"": \""117690_01\"", \""julia_support_fill_adapter\"": false}""",
JULIA_STRATEGY_V00,250730,RISE 차이나HSCEI(H),KR7250730009,2025-02-21,2025-02-24,10360.0,,,2026-08-31,,9890.0,-4.536679536679533,-4.6463505366098445,0.00015,0.001,0.0,OPEN_AT_CUTOFF,NO_EXIT_BEFORE_CUTOFF,371,2019-08-02,2026-08-31,KRX_RAW_ETF_OHLCV,ETF_PIT_LISTED_2Y_CLOSE_1000_VOL20_10000_V01,MARKET_INDEX,A,2019-08-02,"""{\""canonical_entry_stage\"": \""EARLY_TREND\"", \""canonical_exit_type\"": \""NO_EXIT_BEFORE_CUTOFF\"", \""canonical_trade_id\"": \""250730_01\"", \""julia_support_fill_adapter\"": false}""",
JULIA_STRATEGY_V00,304940,KODEX 미국나스닥100선물(H),KR7304940000,2025-02-28,2025-03-04,23635.0,,,2026-08-31,,32435.0,37.232917283689446,37.075260173201244,0.00015,0.001,0.0,OPEN_AT_CUTOFF,NO_PROGRESSED_BEFORE_CUTOFF,366,2021-07-30,2026-08-31,KRX_RAW_ETF_OHLCV,ETF_PIT_LISTED_2Y_CLOSE_1000_VOL20_10000_V01,MARKET_INDEX,B,2021-08-31,"""{\""canonical_entry_stage\"": \""TRANSITION\"", \""canonical_exit_type\"": \""NO_PROGRESSED_BEFORE_CUTOFF\"", \""canonical_trade_id\"": \""304940_02\"", \""julia_support_fill_adapter\"": false}""",
JULIA_STRATEGY_V00,367770,RISE 수소경제테마,KR7367770005,2025-02-28,2025-03-04,10030.0,2025-10-31,2025-11-03,2025-11-03,18770.0,18770.0,87.13858424725822,86.7086599808845,0.00015,0.001,0.0,REALIZED,EXIT4_SCORE_DRAWDOWN_GE_15,164,2023-10-06,2026-08-31,KRX_RAW_ETF_OHLCV,ETF_PIT_LISTED_2Y_CLOSE_1000_VOL20_10000_V01,SECTOR_INDUSTRY,B,2023-10-31,"""{\""canonical_entry_stage\"": \""TRANSITION\"", \""canonical_exit_type\"": \""EXIT4_SCORE_DRAWDOWN_GE_15\"", \""canonical_trade_id\"": \""367770_01\"", \""julia_support_fill_adapter\"": false}""",
JULIA_STRATEGY_V00,371460,TIGER 차이나전기차SOLACTIVE,KR7371460007,2025-02-28,2025-03-04,10660.0,2025-12-31,2026-01-02,2026-01-02,12600.0,12600.0,18.198874296435275,17.927329203142527,0.00015,0.001,0.0,REALIZED,EXIT4_SCORE_DRAWDOWN_GE_15,205,2023-12-01,2026-08-31,KRX_RAW_ETF_OHLCV,ETF_PIT_LISTED_2Y_CLOSE_1000_VOL20_10000_V01,SECTOR_INDUSTRY,A,2023-12-01,"""{\""canonical_entry_stage\"": \""TRANSITION\"", \""canonical_exit_type\"": \""EXIT4_SCORE_DRAWDOWN_GE_15\"", \""canonical_trade_id\"": \""371460_01\"", \""julia_support_fill_adapter\"": false}""",
JULIA_STRATEGY_V00,371870,ACE 차이나항셍테크,KR7371870007,2025-02-28,2025-03-04,8820.0,2025-06-30,2025-07-01,2025-07-01,7665.0,7665.0,-13.095238095238093,-13.294889418649426,0.00015,0.001,0.0,REALIZED,EXIT4_SCORE_DRAWDOWN_GE_15,81,2023-12-01,2026-08-31,KRX_RAW_ETF_OHLCV,ETF_PIT_LISTED_2Y_CLOSE_1000_VOL20_10000_V01,SECTOR_INDUSTRY,A,2023-12-01,"""{\""canonical_entry_stage\"": \""EARLY_TREND\"", \""canonical_exit_type\"": \""EXIT4_SCORE_DRAWDOWN_GE_15\"", \""canonical_trade_id\"": \""371870_01\"", \""julia_support_fill_adapter\"": false}""",
JULIA_STRATEGY_V00,421320,PLUS 우주항공,KR7421320003,2025-03-07,2025-03-10,19070.0,2025-06-30,2025-07-01,2025-07-01,23670.0,23670.0,24.121657052962764,23.836505209134117,0.00015,0.001,0.0,REALIZED,EXIT4_SCORE_DRAWDOWN_GE_15,77,2025-02-28,2026-08-31,KRX_RAW_ETF_OHLCV,ETF_PIT_LISTED_2Y_CLOSE_1000_VOL20_10000_V01,SECTOR_INDUSTRY,A,2025-02-28,"""{\""canonical_entry_stage\"": \""EARLY_TREND\"", \""canonical_exit_type\"": \""EXIT4_SCORE_DRAWDOWN_GE_15\"", \""canonical_trade_id\"": \""421320_01\"", \""julia_support_fill_adapter\"": false}""",
JULIA_STRATEGY_V00,310960,TIGER 200TR,KR7310960000,2025-03-28,2025-03-31,19595.0,2026-01-31,2026-02-02,2026-02-02,44085.0,44085.0,124.98086246491451,124.46400094951717,0.00015,0.001,0.0,REALIZED,EXIT4_SCORE_DRAWDOWN_GE_15,207,2021-10-29,2026-08-31,KRX_RAW_ETF_OHLCV,ETF_PIT_LISTED_2Y_CLOSE_1000_VOL20_10000_V01,MARKET_INDEX,B,2021-11-30,"""{\""canonical_entry_stage\"": \""TRANSITION\"", \""canonical_exit_type\"": \""EXIT4_SCORE_DRAWDOWN_GE_15\"", \""canonical_trade_id\"": \""310960_01\"", \""julia_support_fill_adapter\"": false}""",
JULIA_STRATEGY_V00,403790,MIDAS 코스피액티브,KR7403790009,2025-03-28,2025-03-31,20410.0,2026-01-31,2026-02-02,2026-02-02,42590.0,42590.0,108.67221950024498,108.19282477124199,0.00015,0.001,0.0,REALIZED,EXIT4_SCORE_DRAWDOWN_GE_15,207,2024-10-04,2026-08-31,KRX_RAW_ETF_OHLCV,ETF_PIT_LISTED_2Y_CLOSE_1000_VOL20_10000_V01,MARKET_INDEX,A,2024-10-04,"""{\""canonical_entry_stage\"": \""TRANSITION\"", \""canonical_exit_type\"": \""EXIT4_SCORE_DRAWDOWN_GE_15\"", \""canonical_trade_id\"": \""403790_01\"", \""julia_support_fill_adapter\"": false}""",
JULIA_STRATEGY_V00,379790,RISE 유로스탁스50(H),KR7379790009,2025-04-04,2025-04-07,13690.0,,,2026-08-31,,17535.0,28.086194302410526,27.939045209562742,0.00015,0.001,0.0,OPEN_AT_CUTOFF,NO_PROGRESSED_BEFORE_CUTOFF,342,2024-03-29,2026-08-31,KRX_RAW_ETF_OHLCV,ETF_PIT_LISTED_2Y_CLOSE_1000_VOL20_10000_V01,MARKET_INDEX,B,2024-04-30,"""{\""canonical_entry_stage\"": \""TRANSITION\"", \""canonical_exit_type\"": \""NO_PROGRESSED_BEFORE_CUTOFF\"", \""canonical_trade_id\"": \""379790_01\"", \""julia_support_fill_adapter\"": false}""",
JULIA_STRATEGY_V00,385510,KODEX 신재생에너지액티브,KR7385510003,2025-05-16,2025-05-19,20395.0,2025-10-31,2025-11-03,2025-11-03,32035.0,32035.0,57.07281196371661,56.711959530625975,0.00015,0.001,0.0,REALIZED,EXIT4_SCORE_DRAWDOWN_GE_15,113,2024-05-03,2026-08-31,KRX_RAW_ETF_OHLCV,ETF_PIT_LISTED_2Y_CLOSE_1000_VOL20_10000_V01,SECTOR_INDUSTRY,A,2024-05-03,"""{\""canonical_entry_stage\"": \""TRANSITION\"", \""canonical_exit_type\"": \""EXIT4_SCORE_DRAWDOWN_GE_15\"", \""canonical_trade_id\"": \""385510_01\"", \""julia_support_fill_adapter\"": false}""",
JULIA_STRATEGY_V00,277640,TIGER 코스피대형주,KR7277640009,2025-06-13,2025-06-16,14445.0,2026-02-28,2026-03-03,2026-03-03,32995.0,32995.0,128.41813776393215,127.89337959768004,0.00015,0.001,0.0,REALIZED,EXIT4_SCORE_DRAWDOWN_GE_15,174,2020-07-31,2026-08-31,KRX_RAW_ETF_OHLCV,ETF_PIT_LISTED_2Y_CLOSE_1000_VOL20_10000_V01,MARKET_INDEX,A,2020-07-31,"""{\""canonical_entry_stage\"": \""TRANSITION\"", \""canonical_exit_type\"": \""EXIT4_SCORE_DRAWDOWN_GE_15\"", \""canonical_trade_id\"": \""277640_02\"", \""julia_support_fill_adapter\"": false}""",
JULIA_STRATEGY_V00,307510,TIGER 의료기기,KR7307510008,2025-06-13,2025-06-16,16300.0,,,2026-08-31,,12720.0,-21.963190184049076,-22.05284110884773,0.00015,0.001,0.0,OPEN_AT_CUTOFF,NO_PROGRESSED_BEFORE_CUTOFF,297,2021-10-29,2026-08-31,KRX_RAW_ETF_OHLCV,ETF_PIT_LISTED_2Y_CLOSE_1000_VOL20_10000_V01,SECTOR_INDUSTRY,B,2021-11-30,"""{\""canonical_entry_stage\"": \""TRANSITION\"", \""canonical_exit_type\"": \""NO_PROGRESSED_BEFORE_CUTOFF\"", \""canonical_trade_id\"": \""307510_01\"", \""julia_support_fill_adapter\"": false}""",
JULIA_STRATEGY_V00,337140,KODEX 코스피대형주,KR7337140008,2025-06-13,2025-06-16,13890.0,2026-02-28,2026-03-03,2026-03-03,31620.0,31620.0,127.64578833693304,127.12280453357954,0.00015,0.001,0.0,REALIZED,EXIT4_SCORE_DRAWDOWN_GE_15,174,2022-11-04,2026-08-31,KRX_RAW_ETF_OHLCV,ETF_PIT_LISTED_2Y_CLOSE_1000_VOL20_10000_V01,MARKET_INDEX,A,2022-11-04,"""{\""canonical_entry_stage\"": \""TRANSITION\"", \""canonical_exit_type\"": \""EXIT4_SCORE_DRAWDOWN_GE_15\"", \""canonical_trade_id\"": \""337140_01\"", \""julia_support_fill_adapter\"": false}""",
JULIA_STRATEGY_V00,388280,RISE K엔터&여행레저,KR7388280000,2025-06-13,2025-06-16,7275.0,,,2026-08-31,,7135.0,-1.9243986254295575,-2.0370706885770917,0.00015,0.001,0.0,OPEN_AT_CUTOFF,NO_PROGRESSED_BEFORE_CUTOFF,297,2024-05-31,2026-08-31,KRX_RAW_ETF_OHLCV,ETF_PIT_LISTED_2Y_CLOSE_1000_VOL20_10000_V01,SECTOR_INDUSTRY,A,2024-05-31,"""{\""canonical_entry_stage\"": \""TRANSITION\"", \""canonical_exit_type\"": \""NO_PROGRESSED_BEFORE_CUTOFF\"", \""canonical_trade_id\"": \""388280_01\"", \""julia_support_fill_adapter\"": false}""",
JULIA_STRATEGY_V00,157490,TIGER 소프트웨어,KR7157490004,2025-06-20,2025-06-23,10475.0,,,2026-08-31,,8610.0,-17.80429594272076,-17.89872472447891,0.00015,0.001,0.0,OPEN_AT_CUTOFF,NO_PROGRESSED_BEFORE_CUTOFF,292,2017-01-06,2026-08-31,KRX_RAW_ETF_OHLCV,ETF_PIT_LISTED_2Y_CLOSE_1000_VOL20_10000_V01,SECTOR_INDUSTRY,B,2017-01-31,"""{\""canonical_entry_stage\"": \""TRANSITION\"", \""canonical_exit_type\"": \""NO_PROGRESSED_BEFORE_CUTOFF\"", \""canonical_trade_id\"": \""157490_02\"", \""julia_support_fill_adapter\"": false}""",
JULIA_STRATEGY_V00,266360,KODEX K콘텐츠,KR7266360007,2025-06-20,2025-06-23,14950.0,,,2026-08-31,,10010.0,-33.04347826086956,-33.120399833001635,0.00015,0.001,0.0,OPEN_AT_CUTOFF,NO_PROGRESSED_BEFORE_CUTOFF,292,2020-02-28,2026-08-31,KRX_RAW_ETF_OHLCV,ETF_PIT_LISTED_2Y_CLOSE_1000_VOL20_10000_V01,SECTOR_INDUSTRY,B,2020-03-31,"""{\""canonical_entry_stage\"": \""TRANSITION\"", \""canonical_exit_type\"": \""NO_PROGRESSED_BEFORE_CUTOFF\"", \""canonical_trade_id\"": \""266360_02\"", \""julia_support_fill_adapter\"": false}""",
JULIA_STRATEGY_V00,322400,HANARO e커머스,KR7322400003,2025-06-20,2025-06-23,13190.0,,,2026-08-31,,10675.0,-19.0674753601213,-19.16045296514345,0.00015,0.001,0.0,OPEN_AT_CUTOFF,NO_PROGRESSED_BEFORE_CUTOFF,292,2022-04-01,2026-08-31,KRX_RAW_ETF_OHLCV,ETF_PIT_LISTED_2Y_CLOSE_1000_VOL20_10000_V01,SECTOR_INDUSTRY,A,2022-04-01,"""{\""canonical_entry_stage\"": \""TRANSITION\"", \""canonical_exit_type\"": \""NO_PROGRESSED_BEFORE_CUTOFF\"", \""canonical_trade_id\"": \""322400_01\"", \""julia_support_fill_adapter\"": false}""",
JULIA_STRATEGY_V00,367760,RISE 네트워크인프라,KR7367760006,2025-06-20,2025-06-23,11450.0,2026-01-31,2026-02-02,2026-02-02,27655.0,27655.0,141.52838427947597,140.97350718752048,0.00015,0.001,0.0,REALIZED,EXIT4_SCORE_DRAWDOWN_GE_15,152,2023-10-06,2026-08-31,KRX_RAW_ETF_OHLCV,ETF_PIT_LISTED_2Y_CLOSE_1000_VOL20_10000_V01,SECTOR_INDUSTRY,B,2023-10-31,"""{\""canonical_entry_stage\"": \""TRANSITION\"", \""canonical_exit_type\"": \""EXIT4_SCORE_DRAWDOWN_GE_15\"", \""canonical_trade_id\"": \""367760_01\"", \""julia_support_fill_adapter\"": false}""",
JULIA_STRATEGY_V00,305050,ACE 코스피,KR7305050007,2025-06-27,2025-06-30,31645.0,2026-05-31,2026-06-01,2026-06-01,88290.0,88290.0,179.00142202559647,178.3604559620556,0.00015,0.001,0.0,REALIZED,EXIT4_SCORE_DRAWDOWN_GE_15,225,2021-10-01,2026-08-31,KRX_RAW_ETF_OHLCV,ETF_PIT_LISTED_2Y_CLOSE_1000_VOL20_10000_V01,MARKET_INDEX,A,2021-10-01,"""{\""canonical_entry_stage\"": \""EARLY_TREND\"", \""canonical_exit_type\"": \""EXIT4_SCORE_DRAWDOWN_GE_15\"", \""canonical_trade_id\"": \""305050_01\"", \""julia_support_fill_adapter\"": false}""",
JULIA_STRATEGY_V00,423170,SOL 글로벌AI반도체탑픽액티브,KR7423170000,2025-06-27,2025-06-30,20415.0,2026-01-31,2026-02-02,2026-02-02,38850.0,38850.0,90.30124908155767,89.8640590427932,0.00015,0.001,0.0,REALIZED,EXIT4_SCORE_DRAWDOWN_GE_15,147,2025-04-04,2026-08-31,KRX_RAW_ETF_OHLCV,ETF_PIT_LISTED_2Y_CLOSE_1000_VOL20_10000_V01,SECTOR_INDUSTRY,A,2025-04-04,"""{\""canonical_entry_stage\"": \""EARLY_TREND\"", \""canonical_exit_type\"": \""EXIT4_SCORE_DRAWDOWN_GE_15\"", \""canonical_trade_id\"": \""423170_01\"", \""julia_support_fill_adapter\"": false}""",
JULIA_STRATEGY_V00,091160,KODEX 반도체,KR7091160002,2025-07-04,2025-07-07,36400.0,,,2026-08-31,,124680.0,242.5274725274725,242.1339671451605,0.00015,0.001,0.0,OPEN_AT_CUTOFF,NO_EXIT_BEFORE_CUTOFF,282,2017-01-06,2026-08-31,KRX_RAW_ETF_OHLCV,ETF_PIT_LISTED_2Y_CLOSE_1000_VOL20_10000_V01,SECTOR_INDUSTRY,B,2017-01-31,"""{\""canonical_entry_stage\"": \""EARLY_TREND\"", \""canonical_exit_type\"": \""NO_EXIT_BEFORE_CUTOFF\"", \""canonical_trade_id\"": \""091160_03\"", \""julia_support_fill_adapter\"": false}""",
JULIA_STRATEGY_V00,091230,TIGER 반도체,KR7091230003,2025-07-04,2025-07-07,37890.0,,,2026-08-31,,131495.0,247.0440749538137,246.64538076912203,0.00015,0.001,0.0,OPEN_AT_CUTOFF,NO_EXIT_BEFORE_CUTOFF,282,2017-01-06,2026-08-31,KRX_RAW_ETF_OHLCV,ETF_PIT_LISTED_2Y_CLOSE_1000_VOL20_10000_V01,SECTOR_INDUSTRY,B,2017-01-31,"""{\""canonical_entry_stage\"": \""EARLY_TREND\"", \""canonical_exit_type\"": \""NO_EXIT_BEFORE_CUTOFF\"", \""canonical_trade_id\"": \""091230_03\"", \""julia_support_fill_adapter\"": false}""",
JULIA_STRATEGY_V00,395160,KODEX AI반도체TOP2플러스,KR7395160005,2025-07-04,2025-07-07,10240.0,2026-02-28,2026-03-03,2026-03-03,28790.0,28790.0,181.15234375,180.50643624988626,0.00015,0.001,0.0,REALIZED,EXIT4_SCORE_DRAWDOWN_GE_15,159,2024-06-28,2026-08-31,KRX_RAW_ETF_OHLCV,ETF_PIT_LISTED_2Y_CLOSE_1000_VOL20_10000_V01,SECTOR_INDUSTRY,B,2024-07-31,"""{\""canonical_entry_stage\"": \""EARLY_TREND\"", \""canonical_exit_type\"": \""EXIT4_SCORE_DRAWDOWN_GE_15\"", \""canonical_trade_id\"": \""395160_01\"", \""julia_support_fill_adapter\"": false}""",
JULIA_STRATEGY_V00,395270,HANARO Fn K-반도체,KR7395270002,2025-07-04,2025-07-07,11415.0,2026-01-31,2026-02-02,2026-02-02,28440.0,28440.0,149.14586070959265,148.57348354955118,0.00015,0.001,0.0,REALIZED,EXIT4_SCORE_DRAWDOWN_GE_15,142,2024-06-28,2026-08-31,KRX_RAW_ETF_OHLCV,ETF_PIT_LISTED_2Y_CLOSE_1000_VOL20_10000_V01,SECTOR_INDUSTRY,B,2024-07-31,"""{\""canonical_entry_stage\"": \""EARLY_TREND\"", \""canonical_exit_type\"": \""EXIT4_SCORE_DRAWDOWN_GE_15\"", \""canonical_trade_id\"": \""395270_01\"", \""julia_support_fill_adapter\"": false}""",
JULIA_STRATEGY_V00,396500,TIGER 반도체TOP10,KR7396500001,2025-07-04,2025-07-07,11580.0,,,2026-08-31,,35005.0,202.28842832469775,201.9411507102084,0.00015,0.001,0.0,OPEN_AT_CUTOFF,NO_EXIT_BEFORE_CUTOFF,282,2024-08-02,2026-08-31,KRX_RAW_ETF_OHLCV,ETF_PIT_LISTED_2Y_CLOSE_1000_VOL20_10000_V01,SECTOR_INDUSTRY,A,2024-08-02,"""{\""canonical_entry_stage\"": \""EARLY_TREND\"", \""canonical_exit_type\"": \""NO_EXIT_BEFORE_CUTOFF\"", \""canonical_trade_id\"": \""396500_01\"", \""julia_support_fill_adapter\"": false}""",
JULIA_STRATEGY_V00,143860,TIGER 헬스케어,KR7143860005,2025-07-11,2025-07-14,40650.0,,,2026-08-31,,38780.0,-4.600246002460029,-4.709843975411698,0.00015,0.001,0.0,OPEN_AT_CUTOFF,NO_PROGRESSED_BEFORE_CUTOFF,277,2017-01-06,2026-08-31,KRX_RAW_ETF_OHLCV,ETF_PIT_LISTED_2Y_CLOSE_1000_VOL20_10000_V01,SECTOR_INDUSTRY,B,2017-01-31,"""{\""canonical_entry_stage\"": \""TRANSITION\"", \""canonical_exit_type\"": \""NO_PROGRESSED_BEFORE_CUTOFF\"", \""canonical_trade_id\"": \""143860_04\"", \""julia_support_fill_adapter\"": false}""",
JULIA_STRATEGY_V00,365000,TIGER 인터넷TOP10,KR7365000009,2025-07-11,2025-07-14,4755.0,,,2026-08-31,,3710.0,-21.97686645636172,-22.066501669466575,0.00015,0.001,0.0,OPEN_AT_CUTOFF,NO_EXIT_BEFORE_CUTOFF,277,2023-10-06,2026-08-31,KRX_RAW_ETF_OHLCV,ETF_PIT_LISTED_2Y_CLOSE_1000_VOL20_10000_V01,SECTOR_INDUSTRY,B,2023-10-31,"""{\""canonical_entry_stage\"": \""TRANSITION\"", \""canonical_exit_type\"": \""NO_EXIT_BEFORE_CUTOFF\"", \""canonical_trade_id\"": \""365000_01\"", \""julia_support_fill_adapter\"": false}""",
JULIA_STRATEGY_V00,417450,RISE 글로벌수소경제,KR7417450004,2025-07-11,2025-07-14,8060.0,2026-01-31,2026-02-02,2026-02-02,12450.0,12450.0,54.46650124069479,54.11163643559678,0.00015,0.001,0.0,REALIZED,EXIT4_SCORE_DRAWDOWN_GE_15,137,2025-01-31,2026-08-31,KRX_RAW_ETF_OHLCV,ETF_PIT_LISTED_2Y_CLOSE_1000_VOL20_10000_V01,SECTOR_INDUSTRY,A,2025-01-31,"""{\""canonical_entry_stage\"": \""TRANSITION\"", \""canonical_exit_type\"": \""EXIT4_SCORE_DRAWDOWN_GE_15\"", \""canonical_trade_id\"": \""417450_01\"", \""julia_support_fill_adapter\"": false}""",
JULIA_STRATEGY_V00,266420,KODEX 헬스케어,KR7266420009,2025-07-18,2025-07-21,19720.0,,,2026-08-31,,17620.0,-10.649087221095332,-10.751736111806343,0.00015,0.001,0.0,OPEN_AT_CUTOFF,NO_PROGRESSED_BEFORE_CUTOFF,272,2020-02-28,2026-08-31,KRX_RAW_ETF_OHLCV,ETF_PIT_LISTED_2Y_CLOSE_1000_VOL20_10000_V01,SECTOR_INDUSTRY,B,2020-03-31,"""{\""canonical_entry_stage\"": \""TRANSITION\"", \""canonical_exit_type\"": \""NO_PROGRESSED_BEFORE_CUTOFF\"", \""canonical_trade_id\"": \""266420_03\"", \""julia_support_fill_adapter\"": false}""",
JULIA_STRATEGY_V00,354500,ACE 코스닥150,KR7354500001,2025-07-18,2025-07-21,13795.0,2026-05-31,2026-06-01,2026-06-01,18825.0,18825.0,36.46248640811889,36.14898326502025,0.00015,0.001,0.0,REALIZED,EXIT4_SCORE_DRAWDOWN_GE_15,210,2023-04-28,2026-08-31,KRX_RAW_ETF_OHLCV,ETF_PIT_LISTED_2Y_CLOSE_1000_VOL20_10000_V01,MARKET_INDEX,B,2023-05-31,"""{\""canonical_entry_stage\"": \""TRANSITION\"", \""canonical_exit_type\"": \""EXIT4_SCORE_DRAWDOWN_GE_15\"", \""canonical_trade_id\"": \""354500_01\"", \""julia_support_fill_adapter\"": false}""",
JULIA_STRATEGY_V00,381180,TIGER 미국필라델피아반도체나스닥,KR7381180009,2025-07-18,2025-07-21,21045.0,2026-04-30,2026-05-04,2026-05-04,40775.0,40775.0,93.75148491328108,93.30636844868225,0.00015,0.001,0.0,REALIZED,EXIT4_SCORE_DRAWDOWN_GE_15,192,2024-03-29,2026-08-31,KRX_RAW_ETF_OHLCV,ETF_PIT_LISTED_2Y_CLOSE_1000_VOL20_10000_V01,SECTOR_INDUSTRY,B,2024-04-30,"""{\""canonical_entry_stage\"": \""EARLY_TREND\"", \""canonical_exit_type\"": \""EXIT4_SCORE_DRAWDOWN_GE_15\"", \""canonical_trade_id\"": \""381180_01\"", \""julia_support_fill_adapter\"": false}""",
JULIA_STRATEGY_V00,381570,HANARO Fn친환경에너지,KR7381570001,2025-07-25,2025-07-28,7890.0,2026-06-30,2026-07-01,2026-07-01,10760.0,10760.0,36.375158428390364,36.061855908897854,0.00015,0.001,0.0,REALIZED,EXIT4_SCORE_DRAWDOWN_GE_15,226,2024-03-29,2026-08-31,KRX_RAW_ETF_OHLCV,ETF_PIT_LISTED_2Y_CLOSE_1000_VOL20_10000_V01,SECTOR_INDUSTRY,B,2024-04-30,"""{\""canonical_entry_stage\"": \""TRANSITION\"", \""canonical_exit_type\"": \""EXIT4_SCORE_DRAWDOWN_GE_15\"", \""canonical_trade_id\"": \""381570_01\"", \""julia_support_fill_adapter\"": false}""",
JULIA_STRATEGY_V00,256750,KODEX 차이나심천ChiNext(합성),KR7256750001,2025-08-22,2025-08-25,11600.0,2026-01-31,2026-02-02,2026-02-02,15500.0,15500.0,33.62068965517242,33.31371513570909,0.00015,0.001,0.0,REALIZED,EXIT4_SCORE_DRAWDOWN_GE_15,108,2019-11-01,2026-08-31,KRX_RAW_ETF_OHLCV,ETF_PIT_LISTED_2Y_CLOSE_1000_VOL20_10000_V01,MARKET_INDEX,A,2019-11-01,"""{\""canonical_entry_stage\"": \""TRANSITION\"", \""canonical_exit_type\"": \""EXIT4_SCORE_DRAWDOWN_GE_15\"", \""canonical_trade_id\"": \""256750_02\"", \""julia_support_fill_adapter\"": false}""",
JULIA_STRATEGY_V00,396520,TIGER 차이나반도체FACTSET,KR7396520009,2025-08-22,2025-08-25,8270.0,2026-01-31,2026-02-02,2026-02-02,11165.0,11165.0,35.00604594921404,34.69588877080956,0.00015,0.001,0.0,REALIZED,EXIT4_SCORE_DRAWDOWN_GE_15,108,2024-08-02,2026-08-31,KRX_RAW_ETF_OHLCV,ETF_PIT_LISTED_2Y_CLOSE_1000_VOL20_10000_V01,SECTOR_INDUSTRY,A,2024-08-02,"""{\""canonical_entry_stage\"": \""TRANSITION\"", \""canonical_exit_type\"": \""EXIT4_SCORE_DRAWDOWN_GE_15\"", \""canonical_trade_id\"": \""396520_01\"", \""julia_support_fill_adapter\"": false}""",
JULIA_STRATEGY_V00,419420,KODEX 미국클린에너지나스닥,KR7419420005,2025-08-29,2025-09-01,6975.0,2026-04-30,2026-05-04,2026-05-04,11575.0,11575.0,65.94982078853047,65.56857469091601,0.00015,0.001,0.0,REALIZED,EXIT3_PROGRESSED_TO_TRANSITION,163,2025-02-28,2026-08-31,KRX_RAW_ETF_OHLCV,ETF_PIT_LISTED_2Y_CLOSE_1000_VOL20_10000_V01,SECTOR_INDUSTRY,A,2025-02-28,"""{\""canonical_entry_stage\"": \""TRANSITION\"", \""canonical_exit_type\"": \""EXIT3_PROGRESSED_TO_TRANSITION\"", \""canonical_trade_id\"": \""419420_01\"", \""julia_support_fill_adapter\"": false}""",
JULIA_STRATEGY_V00,396510,TIGER 차이나클린에너지SOLACTIVE,KR7396510000,2025-09-05,2025-09-08,6870.0,2026-06-30,2026-07-01,2026-07-01,9410.0,9410.0,36.97234352256187,36.657669055298506,0.00015,0.001,0.0,REALIZED,EXIT4_SCORE_DRAWDOWN_GE_15,197,2024-08-02,2026-08-31,KRX_RAW_ETF_OHLCV,ETF_PIT_LISTED_2Y_CLOSE_1000_VOL20_10000_V01,SECTOR_INDUSTRY,A,2024-08-02,"""{\""canonical_entry_stage\"": \""TRANSITION\"", \""canonical_exit_type\"": \""EXIT4_SCORE_DRAWDOWN_GE_15\"", \""canonical_trade_id\"": \""396510_01\"", \""julia_support_fill_adapter\"": false}""",
JULIA_STRATEGY_V00,364990,TIGER 게임TOP10,KR7364990002,2025-09-12,2025-09-15,5840.0,,,2026-08-31,,4810.0,-17.636986301369863,-17.731607293241535,0.00015,0.001,0.0,OPEN_AT_CUTOFF,NO_PROGRESSED_BEFORE_CUTOFF,233,2023-10-06,2026-08-31,KRX_RAW_ETF_OHLCV,ETF_PIT_LISTED_2Y_CLOSE_1000_VOL20_10000_V01,SECTOR_INDUSTRY,B,2023-10-31,"""{\""canonical_entry_stage\"": \""TRANSITION\"", \""canonical_exit_type\"": \""NO_PROGRESSED_BEFORE_CUTOFF\"", \""canonical_trade_id\"": \""364990_01\"", \""julia_support_fill_adapter\"": false}""",
JULIA_STRATEGY_V00,388420,RISE 비메모리반도체액티브,KR7388420002,2025-09-12,2025-09-15,12720.0,2026-04-30,2026-05-04,2026-05-04,29090.0,29090.0,128.69496855345912,128.1695744078627,0.00015,0.001,0.0,REALIZED,EXIT4_SCORE_DRAWDOWN_GE_15,153,2024-05-31,2026-08-31,KRX_RAW_ETF_OHLCV,ETF_PIT_LISTED_2Y_CLOSE_1000_VOL20_10000_V01,SECTOR_INDUSTRY,A,2024-05-31,"""{\""canonical_entry_stage\"": \""TRANSITION\"", \""canonical_exit_type\"": \""EXIT4_SCORE_DRAWDOWN_GE_15\"", \""canonical_trade_id\"": \""388420_01\"", \""julia_support_fill_adapter\"": false}""",
JULIA_STRATEGY_V00,139250,TIGER 200 에너지화학,KR7139250005,2025-09-19,2025-09-22,12515.0,2026-05-31,2026-06-01,2026-06-01,20210.0,20210.0,61.48621654015183,61.11522493810055,0.00015,0.001,0.0,REALIZED,EXIT4_SCORE_DRAWDOWN_GE_15,166,2017-01-06,2026-08-31,KRX_RAW_ETF_OHLCV,ETF_PIT_LISTED_2Y_CLOSE_1000_VOL20_10000_V01,SECTOR_INDUSTRY,B,2017-01-31,"""{\""canonical_entry_stage\"": \""TRANSITION\"", \""canonical_exit_type\"": \""EXIT4_SCORE_DRAWDOWN_GE_15\"", \""canonical_trade_id\"": \""139250_02\"", \""julia_support_fill_adapter\"": false}""",
JULIA_STRATEGY_V00,381560,HANARO Fn전기&수소차,KR7381560002,2025-10-24,2025-10-27,10145.0,2026-04-30,2026-05-04,2026-05-04,18530.0,18530.0,82.65155248891078,82.23193653947061,0.00015,0.001,0.0,REALIZED,EXIT4_SCORE_DRAWDOWN_GE_15,128,2024-03-29,2026-08-31,KRX_RAW_ETF_OHLCV,ETF_PIT_LISTED_2Y_CLOSE_1000_VOL20_10000_V01,SECTOR_INDUSTRY,B,2024-04-30,"""{\""canonical_entry_stage\"": \""TRANSITION\"", \""canonical_exit_type\"": \""EXIT4_SCORE_DRAWDOWN_GE_15\"", \""canonical_trade_id\"": \""381560_01\"", \""julia_support_fill_adapter\"": false}""",
JULIA_STRATEGY_V00,391600,ACE 미국친환경그린테마,KR7391600004,2025-11-28,2025-12-01,11670.0,2026-08-31,2026-09-01,2026-09-01,10200.0,10200.0,-12.596401028277636,-12.797198358862827,0.00015,0.001,0.0,REALIZED,EXIT3_PROGRESSED_TO_TRANSITION,184,2024-08-02,2026-08-31,KRX_RAW_ETF_OHLCV,ETF_PIT_LISTED_2Y_CLOSE_1000_VOL20_10000_V01,SECTOR_INDUSTRY,A,2024-08-02,"""{\""canonical_entry_stage\"": \""EARLY_TREND\"", \""canonical_exit_type\"": \""EXIT3_PROGRESSED_TO_TRANSITION\"", \""canonical_trade_id\"": \""391600_01\"", \""julia_support_fill_adapter\"": true}""",
JULIA_STRATEGY_V00,399580,RISE 글로벌클린에너지,KR7399580000,2025-11-28,2025-12-01,9350.0,2026-04-30,2026-05-04,2026-05-04,11555.0,11555.0,23.582887700534762,23.298973602623253,0.00015,0.001,0.0,REALIZED,EXIT4_SCORE_DRAWDOWN_GE_15,103,2024-10-04,2026-08-31,KRX_RAW_ETF_OHLCV,ETF_PIT_LISTED_2Y_CLOSE_1000_VOL20_10000_V01,SECTOR_INDUSTRY,A,2024-10-04,"""{\""canonical_entry_stage\"": \""EARLY_TREND\"", \""canonical_exit_type\"": \""EXIT4_SCORE_DRAWDOWN_GE_15\"", \""canonical_trade_id\"": \""399580_01\"", \""julia_support_fill_adapter\"": false}""",
JULIA_STRATEGY_V00,433330,SOL 미국S&P500,KR7433330008,2025-11-28,2025-12-01,20840.0,,,2026-08-31,,21820.0,4.702495201535517,4.582209972735374,0.00015,0.001,0.0,OPEN_AT_CUTOFF,NO_PROGRESSED_BEFORE_CUTOFF,183,2025-05-30,2026-08-31,KRX_RAW_ETF_OHLCV,ETF_PIT_LISTED_2Y_CLOSE_1000_VOL20_10000_V01,MARKET_INDEX,B,2025-06-30,"""{\""canonical_entry_stage\"": \""EARLY_TREND\"", \""canonical_exit_type\"": \""NO_PROGRESSED_BEFORE_CUTOFF\"", \""canonical_trade_id\"": \""433330_01\"", \""julia_support_fill_adapter\"": false}""",
JULIA_STRATEGY_V00,445290,KODEX 로봇액티브,KR7445290000,2025-11-28,2025-12-01,23220.0,2026-01-31,2026-02-02,2026-02-02,35690.0,35690.0,53.703703703703695,53.3505913173963,0.00015,0.001,0.0,REALIZED,EXIT4_SCORE_DRAWDOWN_GE_15,43,2025-10-31,2026-08-31,KRX_RAW_ETF_OHLCV,ETF_PIT_LISTED_2Y_CLOSE_1000_VOL20_10000_V01,SECTOR_INDUSTRY,A,2025-10-31,"""{\""canonical_entry_stage\"": \""EARLY_TREND\"", \""canonical_exit_type\"": \""EXIT4_SCORE_DRAWDOWN_GE_15\"", \""canonical_trade_id\"": \""445290_01\"", \""julia_support_fill_adapter\"": false}""",
JULIA_STRATEGY_V00,446700,RISE 배터리 리사이클링,KR7446700007,2025-11-28,2025-12-01,11100.0,2026-07-31,2026-08-03,2026-08-03,8655.0,8655.0,-22.027027027027025,-22.206158836414303,0.00015,0.001,0.0,REALIZED,EXIT3_PROGRESSED_TO_WEAK,164,2025-10-31,2026-08-31,KRX_RAW_ETF_OHLCV,ETF_PIT_LISTED_2Y_CLOSE_1000_VOL20_10000_V01,SECTOR_INDUSTRY,A,2025-10-31,"""{\""canonical_entry_stage\"": \""TRANSITION\"", \""canonical_exit_type\"": \""EXIT3_PROGRESSED_TO_WEAK\"", \""canonical_trade_id\"": \""446700_01\"", \""julia_support_fill_adapter\"": false}""",
JULIA_STRATEGY_V00,334690,RISE 팔라듐선물(H),KR7334690005,2025-12-19,2025-12-22,8660.0,2026-03-31,2026-04-01,2026-04-01,6885.0,6885.0,-20.496535796766747,-20.679183691957526,0.00015,0.001,0.0,REALIZED,EXIT4_SCORE_DRAWDOWN_GE_15,66,2022-09-02,2026-08-31,KRX_RAW_ETF_OHLCV,ETF_PIT_LISTED_2Y_CLOSE_1000_VOL20_10000_V01,COMMODITY_RESOURCE,A,2022-09-02,"""{\""canonical_entry_stage\"": \""TRANSITION\"", \""canonical_exit_type\"": \""EXIT4_SCORE_DRAWDOWN_GE_15\"", \""canonical_trade_id\"": \""334690_01\"", \""julia_support_fill_adapter\"": false}""",
JULIA_STRATEGY_V00,314250,KODEX 미국빅테크10(H),KR7314250002,2026-01-02,2026-01-05,53745.0,,,2026-08-31,,62955.0,17.13647781188947,17.001908067325843,0.00015,0.001,0.0,OPEN_AT_CUTOFF,NO_PROGRESSED_BEFORE_CUTOFF,161,2022-01-07,2026-08-31,KRX_RAW_ETF_OHLCV,ETF_PIT_LISTED_2Y_CLOSE_1000_VOL20_10000_V01,SECTOR_INDUSTRY,B,2022-01-28,"""{\""canonical_entry_stage\"": \""TRANSITION\"", \""canonical_exit_type\"": \""NO_PROGRESSED_BEFORE_CUTOFF\"", \""canonical_trade_id\"": \""314250_02\"", \""julia_support_fill_adapter\"": false}""",
JULIA_STRATEGY_V00,429760,PLUS 미국S&P500,KR7429760002,2026-01-02,2026-01-05,18370.0,,,2026-08-31,,19455.0,5.906369080021778,5.784700806389309,0.00015,0.001,0.0,OPEN_AT_CUTOFF,NO_PROGRESSED_BEFORE_CUTOFF,161,2025-05-02,2026-08-31,KRX_RAW_ETF_OHLCV,ETF_PIT_LISTED_2Y_CLOSE_1000_VOL20_10000_V01,MARKET_INDEX,A,2025-05-02,"""{\""canonical_entry_stage\"": \""TRANSITION\"", \""canonical_exit_type\"": \""NO_PROGRESSED_BEFORE_CUTOFF\"", \""canonical_trade_id\"": \""429760_01\"", \""julia_support_fill_adapter\"": false}""",
JULIA_STRATEGY_V00,385600,ACE 2차전지&친환경차액티브,KR7385600002,2026-01-30,2026-02-02,9760.0,2026-08-31,2026-09-01,2026-09-01,12340.0,12340.0,26.4344262295082,26.143961127617278,0.00015,0.001,0.0,REALIZED,EXIT4_SCORE_DRAWDOWN_GE_15,142,2024-05-03,2026-08-31,KRX_RAW_ETF_OHLCV,ETF_PIT_LISTED_2Y_CLOSE_1000_VOL20_10000_V01,SECTOR_INDUSTRY,A,2024-05-03,"""{\""canonical_entry_stage\"": \""TRANSITION\"", \""canonical_exit_type\"": \""EXIT4_SCORE_DRAWDOWN_GE_15\"", \""canonical_trade_id\"": \""385600_01\"", \""julia_support_fill_adapter\"": true}""",
JULIA_STRATEGY_V00,133690,TIGER 미국나스닥100,KR7133690008,2026-02-27,2026-03-03,161185.0,,,2026-08-31,,178540.0,10.767130936501545,10.639878480267463,0.00015,0.001,0.0,OPEN_AT_CUTOFF,NO_EXIT_BEFORE_CUTOFF,124,2017-01-06,2026-08-31,KRX_RAW_ETF_OHLCV,ETF_PIT_LISTED_2Y_CLOSE_1000_VOL20_10000_V01,MARKET_INDEX,B,2017-01-31,"""{\""canonical_entry_stage\"": \""TRANSITION\"", \""canonical_exit_type\"": \""NO_EXIT_BEFORE_CUTOFF\"", \""canonical_trade_id\"": \""133690_03\"", \""julia_support_fill_adapter\"": false}""",
JULIA_STRATEGY_V00,305540,TIGER 2차전지테마,KR7305540007,2026-02-27,2026-03-03,23330.0,,,2026-08-31,,19655.0,-15.752250321474492,-15.849036552084117,0.00015,0.001,0.0,OPEN_AT_CUTOFF,NO_EXIT_BEFORE_CUTOFF,124,2021-09-03,2026-08-31,KRX_RAW_ETF_OHLCV,ETF_PIT_LISTED_2Y_CLOSE_1000_VOL20_10000_V01,SECTOR_INDUSTRY,A,2021-09-03,"""{\""canonical_entry_stage\"": \""TRANSITION\"", \""canonical_exit_type\"": \""NO_EXIT_BEFORE_CUTOFF\"", \""canonical_trade_id\"": \""305540_02\"", \""julia_support_fill_adapter\"": false}""",
JULIA_STRATEGY_V00,364980,TIGER 2차전지TOP10,KR7364980003,2026-02-27,2026-03-03,11620.0,,,2026-08-31,,10890.0,-6.282271944922546,-6.389937558239933,0.00015,0.001,0.0,OPEN_AT_CUTOFF,NO_EXIT_BEFORE_CUTOFF,124,2023-10-06,2026-08-31,KRX_RAW_ETF_OHLCV,ETF_PIT_LISTED_2Y_CLOSE_1000_VOL20_10000_V01,SECTOR_INDUSTRY,B,2023-10-31,"""{\""canonical_entry_stage\"": \""TRANSITION\"", \""canonical_exit_type\"": \""NO_EXIT_BEFORE_CUTOFF\"", \""canonical_trade_id\"": \""364980_01\"", \""julia_support_fill_adapter\"": false}""",
JULIA_STRATEGY_V00,422420,RISE 2차전지액티브,KR7422420000,2026-02-27,2026-03-03,9360.0,,,2026-08-31,,7165.0,-23.450854700854705,-23.53879655399812,0.00015,0.001,0.0,OPEN_AT_CUTOFF,NO_PROGRESSED_BEFORE_CUTOFF,124,2025-04-04,2026-08-31,KRX_RAW_ETF_OHLCV,ETF_PIT_LISTED_2Y_CLOSE_1000_VOL20_10000_V01,SECTOR_INDUSTRY,A,2025-04-04,"""{\""canonical_entry_stage\"": \""TRANSITION\"", \""canonical_exit_type\"": \""NO_PROGRESSED_BEFORE_CUTOFF\"", \""canonical_trade_id\"": \""422420_01\"", \""julia_support_fill_adapter\"": false}""",
JULIA_STRATEGY_V00,453650,KODEX 미국S&P500금융,KR7453650004,2026-02-27,2026-03-03,18290.0,,,2026-08-31,,19410.0,6.123564789502467,6.00164699521093,0.00015,0.001,0.0,OPEN_AT_CUTOFF,NO_PROGRESSED_BEFORE_CUTOFF,124,2026-02-27,2026-08-31,KRX_RAW_ETF_OHLCV,ETF_PIT_LISTED_2Y_CLOSE_1000_VOL20_10000_V01,SECTOR_INDUSTRY,B,2026-03-31,"""{\""canonical_entry_stage\"": \""TRANSITION\"", \""canonical_exit_type\"": \""NO_PROGRESSED_BEFORE_CUTOFF\"", \""canonical_trade_id\"": \""453650_01\"", \""julia_support_fill_adapter\"": false}""",
JULIA_STRATEGY_V00,448290,TIGER 미국S&P500(H),KR7448290007,2026-04-03,2026-04-06,15320.0,,,2026-08-31,,17810.0,16.253263707571808,16.119708624697115,0.00015,0.001,0.0,OPEN_AT_CUTOFF,NO_PROGRESSED_BEFORE_CUTOFF,100,2025-10-31,2026-08-31,KRX_RAW_ETF_OHLCV,ETF_PIT_LISTED_2Y_CLOSE_1000_VOL20_10000_V01,MARKET_INDEX,A,2025-10-31,"""{\""canonical_entry_stage\"": \""TRANSITION\"", \""canonical_exit_type\"": \""NO_PROGRESSED_BEFORE_CUTOFF\"", \""canonical_trade_id\"": \""448290_01\"", \""julia_support_fill_adapter\"": false}""",
JULIA_STRATEGY_V00,449180,KODEX 미국S&P500(H),KR7449180009,2026-04-03,2026-04-06,14750.0,,,2026-08-31,,17175.0,16.440677966101692,16.306907576352756,0.00015,0.001,0.0,OPEN_AT_CUTOFF,NO_PROGRESSED_BEFORE_CUTOFF,100,2025-11-28,2026-08-31,KRX_RAW_ETF_OHLCV,ETF_PIT_LISTED_2Y_CLOSE_1000_VOL20_10000_V01,MARKET_INDEX,B,2025-12-30,"""{\""canonical_entry_stage\"": \""TRANSITION\"", \""canonical_exit_type\"": \""NO_PROGRESSED_BEFORE_CUTOFF\"", \""canonical_trade_id\"": \""449180_01\"", \""julia_support_fill_adapter\"": false}""",
JULIA_STRATEGY_V00,453330,RISE 미국S&P500(H),KR7453330003,2026-04-03,2026-04-06,15555.0,,,2026-08-31,,18220.0,17.132754741240763,16.99818927384744,0.00015,0.001,0.0,OPEN_AT_CUTOFF,NO_PROGRESSED_BEFORE_CUTOFF,100,2026-02-27,2026-08-31,KRX_RAW_ETF_OHLCV,ETF_PIT_LISTED_2Y_CLOSE_1000_VOL20_10000_V01,MARKET_INDEX,B,2026-03-31,"""{\""canonical_entry_stage\"": \""TRANSITION\"", \""canonical_exit_type\"": \""NO_PROGRESSED_BEFORE_CUTOFF\"", \""canonical_trade_id\"": \""453330_01\"", \""julia_support_fill_adapter\"": false}""",
JULIA_STRATEGY_V00,228790,TIGER 화장품,KR7228790002,2026-04-17,2026-04-20,3935.0,,,2026-08-31,,5025.0,27.70012706480305,27.553421497068207,0.00015,0.001,0.0,OPEN_AT_CUTOFF,NO_PROGRESSED_BEFORE_CUTOFF,90,2018-09-28,2026-08-31,KRX_RAW_ETF_OHLCV,ETF_PIT_LISTED_2Y_CLOSE_1000_VOL20_10000_V01,SECTOR_INDUSTRY,B,2018-10-31,"""{\""canonical_entry_stage\"": \""TRANSITION\"", \""canonical_exit_type\"": \""NO_PROGRESSED_BEFORE_CUTOFF\"", \""canonical_trade_id\"": \""228790_02\"", \""julia_support_fill_adapter\"": false}""",
JULIA_STRATEGY_V00,315270,TIGER 200커뮤니케이션서비스,KR7315270009,2026-04-17,2026-04-20,23565.0,,,2026-08-31,,20245.0,-14.088690855081687,-14.187388230508368,0.00015,0.001,0.0,OPEN_AT_CUTOFF,NO_PROGRESSED_BEFORE_CUTOFF,90,2022-01-07,2026-08-31,KRX_RAW_ETF_OHLCV,ETF_PIT_LISTED_2Y_CLOSE_1000_VOL20_10000_V01,MARKET_INDEX,B,2022-01-28,"""{\""canonical_entry_stage\"": \""TRANSITION\"", \""canonical_exit_type\"": \""NO_PROGRESSED_BEFORE_CUTOFF\"", \""canonical_trade_id\"": \""315270_01\"", \""julia_support_fill_adapter\"": false}""",
JULIA_STRATEGY_V00,367380,ACE 미국나스닥100,KR7367380003,2026-04-17,2026-04-20,29870.0,,,2026-08-31,,30680.0,2.7117509206561863,2.5937527159699103,0.00015,0.001,0.0,OPEN_AT_CUTOFF,NO_EXIT_BEFORE_CUTOFF,90,2023-10-06,2026-08-31,KRX_RAW_ETF_OHLCV,ETF_PIT_LISTED_2Y_CLOSE_1000_VOL20_10000_V01,MARKET_INDEX,B,2023-10-31,"""{\""canonical_entry_stage\"": \""TRANSITION\"", \""canonical_exit_type\"": \""NO_EXIT_BEFORE_CUTOFF\"", \""canonical_trade_id\"": \""367380_02\"", \""julia_support_fill_adapter\"": false}""",
JULIA_STRATEGY_V00,368590,RISE 미국나스닥100,KR7368590006,2026-04-17,2026-04-20,28885.0,,,2026-08-31,,29775.0,3.081184005539206,2.9627613855316204,0.00015,0.001,0.0,OPEN_AT_CUTOFF,NO_EXIT_BEFORE_CUTOFF,90,2023-11-03,2026-08-31,KRX_RAW_ETF_OHLCV,ETF_PIT_LISTED_2Y_CLOSE_1000_VOL20_10000_V01,MARKET_INDEX,A,2023-11-03,"""{\""canonical_entry_stage\"": \""TRANSITION\"", \""canonical_exit_type\"": \""NO_EXIT_BEFORE_CUTOFF\"", \""canonical_trade_id\"": \""368590_02\"", \""julia_support_fill_adapter\"": false}""",
JULIA_STRATEGY_V00,379780,RISE 미국S&P500,KR7379780000,2026-04-17,2026-04-20,22615.0,,,2026-08-31,,22850.0,1.0391333185938434,0.923056664970634,0.00015,0.001,0.0,OPEN_AT_CUTOFF,NO_PROGRESSED_BEFORE_CUTOFF,90,2024-03-29,2026-08-31,KRX_RAW_ETF_OHLCV,ETF_PIT_LISTED_2Y_CLOSE_1000_VOL20_10000_V01,MARKET_INDEX,B,2024-04-30,"""{\""canonical_entry_stage\"": \""TRANSITION\"", \""canonical_exit_type\"": \""NO_PROGRESSED_BEFORE_CUTOFF\"", \""canonical_trade_id\"": \""379780_01\"", \""julia_support_fill_adapter\"": false}""",
JULIA_STRATEGY_V00,379800,KODEX 미국S&P500,KR7379800006,2026-04-17,2026-04-20,23735.0,,,2026-08-31,,23755.0,0.08426374552348292,-0.030715926553581685,0.00015,0.001,0.0,OPEN_AT_CUTOFF,NO_PROGRESSED_BEFORE_CUTOFF,90,2024-03-29,2026-08-31,KRX_RAW_ETF_OHLCV,ETF_PIT_LISTED_2Y_CLOSE_1000_VOL20_10000_V01,MARKET_INDEX,B,2024-04-30,"""{\""canonical_entry_stage\"": \""TRANSITION\"", \""canonical_exit_type\"": \""NO_PROGRESSED_BEFORE_CUTOFF\"", \""canonical_trade_id\"": \""379800_01\"", \""julia_support_fill_adapter\"": false}""",
JULIA_STRATEGY_V00,379810,KODEX 미국나스닥100,KR7379810005,2026-04-17,2026-04-20,26025.0,2026-08-31,2026-09-01,2026-09-01,26695.0,26695.0,2.5744476464937494,2.3387974499803343,0.00015,0.001,0.0,REALIZED,EXIT3_PROGRESSED_TO_TRANSITION,91,2024-03-29,2026-08-31,KRX_RAW_ETF_OHLCV,ETF_PIT_LISTED_2Y_CLOSE_1000_VOL20_10000_V01,MARKET_INDEX,B,2024-04-30,"""{\""canonical_entry_stage\"": \""TRANSITION\"", \""canonical_exit_type\"": \""EXIT3_PROGRESSED_TO_TRANSITION\"", \""canonical_trade_id\"": \""379810_01\"", \""julia_support_fill_adapter\"": true}""",
JULIA_STRATEGY_V00,449770,KIWOOM 미국S&P500,KR7449770007,2026-04-17,2026-04-20,20835.0,,,2026-08-31,,20925.0,0.4319654427645814,0.31658632100746154,0.00015,0.001,0.0,OPEN_AT_CUTOFF,NO_PROGRESSED_BEFORE_CUTOFF,90,2025-11-28,2026-08-31,KRX_RAW_ETF_OHLCV,ETF_PIT_LISTED_2Y_CLOSE_1000_VOL20_10000_V01,MARKET_INDEX,B,2025-12-30,"""{\""canonical_entry_stage\"": \""TRANSITION\"", \""canonical_exit_type\"": \""NO_PROGRESSED_BEFORE_CUTOFF\"", \""canonical_trade_id\"": \""449770_01\"", \""julia_support_fill_adapter\"": false}""",
JULIA_STRATEGY_V00,455860,SOL 2차전지소부장Fn,KR7455860007,2026-04-17,2026-04-20,6730.0,,,2026-08-31,,4835.0,-28.157503714710252,-28.24003843450481,0.00015,0.001,0.0,OPEN_AT_CUTOFF,NO_PROGRESSED_BEFORE_CUTOFF,90,2026-04-03,2026-08-31,KRX_RAW_ETF_OHLCV,ETF_PIT_LISTED_2Y_CLOSE_1000_VOL20_10000_V01,SECTOR_INDUSTRY,A,2026-04-03,"""{\""canonical_entry_stage\"": \""TRANSITION\"", \""canonical_exit_type\"": \""NO_PROGRESSED_BEFORE_CUTOFF\"", \""canonical_trade_id\"": \""455860_01\"", \""julia_support_fill_adapter\"": false}""",
JULIA_STRATEGY_V00,381170,TIGER 미국테크TOP10 INDXX,KR7381170000,2026-04-24,2026-04-27,32190.0,,,2026-08-31,,30650.0,-4.78409443926685,-4.893481201862526,0.00015,0.001,0.0,OPEN_AT_CUTOFF,NO_EXIT_BEFORE_CUTOFF,85,2024-03-29,2026-08-31,KRX_RAW_ETF_OHLCV,ETF_PIT_LISTED_2Y_CLOSE_1000_VOL20_10000_V01,SECTOR_INDUSTRY,B,2024-04-30,"""{\""canonical_entry_stage\"": \""TRANSITION\"", \""canonical_exit_type\"": \""NO_EXIT_BEFORE_CUTOFF\"", \""canonical_trade_id\"": \""381170_01\"", \""julia_support_fill_adapter\"": false}""",
JULIA_STRATEGY_V00,419650,PLUS 글로벌수소&차세대연료전지,KR7419650007,2026-04-24,2026-04-27,6440.0,2026-07-31,2026-08-03,2026-08-03,5225.0,5225.0,-18.866459627329192,-19.052852390549724,0.00015,0.001,0.0,REALIZED,EXIT4_SCORE_DRAWDOWN_GE_15,66,2025-01-31,2026-08-31,KRX_RAW_ETF_OHLCV,ETF_PIT_LISTED_2Y_CLOSE_1000_VOL20_10000_V01,SECTOR_INDUSTRY,A,2025-01-31,"""{\""canonical_entry_stage\"": \""TRANSITION\"", \""canonical_exit_type\"": \""EXIT4_SCORE_DRAWDOWN_GE_15\"", \""canonical_trade_id\"": \""419650_01\"", \""julia_support_fill_adapter\"": false}""",
JULIA_STRATEGY_V00,448300,TIGER 미국나스닥100(H),KR7448300004,2026-04-24,2026-04-27,21305.0,,,2026-08-31,,22885.0,7.416099507157936,7.29269681191973,0.00015,0.001,0.0,OPEN_AT_CUTOFF,NO_PROGRESSED_BEFORE_CUTOFF,85,2025-10-31,2026-08-31,KRX_RAW_ETF_OHLCV,ETF_PIT_LISTED_2Y_CLOSE_1000_VOL20_10000_V01,MARKET_INDEX,A,2025-10-31,"""{\""canonical_entry_stage\"": \""TRANSITION\"", \""canonical_exit_type\"": \""NO_PROGRESSED_BEFORE_CUTOFF\"", \""canonical_trade_id\"": \""448300_01\"", \""julia_support_fill_adapter\"": false}""",
JULIA_STRATEGY_V00,449190,KODEX 미국나스닥100(H),KR7449190008,2026-04-24,2026-04-27,20655.0,,,2026-08-31,,22175.0,7.358992979908008,7.235655890285786,0.00015,0.001,0.0,OPEN_AT_CUTOFF,NO_PROGRESSED_BEFORE_CUTOFF,85,2025-11-28,2026-08-31,KRX_RAW_ETF_OHLCV,ETF_PIT_LISTED_2Y_CLOSE_1000_VOL20_10000_V01,MARKET_INDEX,B,2025-12-30,"""{\""canonical_entry_stage\"": \""TRANSITION\"", \""canonical_exit_type\"": \""NO_PROGRESSED_BEFORE_CUTOFF\"", \""canonical_trade_id\"": \""449190_01\"", \""julia_support_fill_adapter\"": false}""",
JULIA_STRATEGY_V00,449780,KIWOOM 미국S&P500(H),KR7449780006,2026-04-24,2026-04-27,17545.0,,,2026-08-31,,18685.0,6.497577657452269,6.375230186453318,0.00015,0.001,0.0,OPEN_AT_CUTOFF,NO_PROGRESSED_BEFORE_CUTOFF,85,2025-11-28,2026-08-31,KRX_RAW_ETF_OHLCV,ETF_PIT_LISTED_2Y_CLOSE_1000_VOL20_10000_V01,MARKET_INDEX,B,2025-12-30,"""{\""canonical_entry_stage\"": \""TRANSITION\"", \""canonical_exit_type\"": \""NO_PROGRESSED_BEFORE_CUTOFF\"", \""canonical_trade_id\"": \""449780_01\"", \""julia_support_fill_adapter\"": false}""",
JULIA_STRATEGY_V00,453080,KIWOOM 미국나스닥100(H),KR7453080004,2026-04-24,2026-04-27,21375.0,,,2026-08-31,,22845.0,6.877192982456148,6.754409398486483,0.00015,0.001,0.0,OPEN_AT_CUTOFF,NO_PROGRESSED_BEFORE_CUTOFF,85,2026-02-27,2026-08-31,KRX_RAW_ETF_OHLCV,ETF_PIT_LISTED_2Y_CLOSE_1000_VOL20_10000_V01,MARKET_INDEX,B,2026-03-31,"""{\""canonical_entry_stage\"": \""TRANSITION\"", \""canonical_exit_type\"": \""NO_PROGRESSED_BEFORE_CUTOFF\"", \""canonical_trade_id\"": \""453080_01\"", \""julia_support_fill_adapter\"": false}""",
JULIA_STRATEGY_V00,444490,WON 미국S&P500,KR7444490007,2026-07-31,2026-08-03,20515.0,,,2026-08-31,,20050.0,-2.2666341701194304,-2.3789130632597244,0.00015,0.001,0.0,OPEN_AT_CUTOFF,NO_PROGRESSED_BEFORE_CUTOFF,20,2025-10-10,2026-08-31,KRX_RAW_ETF_OHLCV,ETF_PIT_LISTED_2Y_CLOSE_1000_VOL20_10000_V01,MARKET_INDEX,A,2025-10-10,"""{\""canonical_entry_stage\"": \""TRANSITION\"", \""canonical_exit_type\"": \""NO_PROGRESSED_BEFORE_CUTOFF\"", \""canonical_trade_id\"": \""444490_01\"", \""julia_support_fill_adapter\"": false}""",
JULIA_STRATEGY_V00,453640,KODEX 미국S&P500헬스케어,KR7453640005,2026-07-31,2026-08-03,14145.0,,,2026-08-31,,14130.0,-0.10604453870625141,-0.22080557916938082,0.00015,0.001,0.0,OPEN_AT_CUTOFF,NO_PROGRESSED_BEFORE_CUTOFF,20,2026-02-27,2026-08-31,KRX_RAW_ETF_OHLCV,ETF_PIT_LISTED_2Y_CLOSE_1000_VOL20_10000_V01,SECTOR_INDUSTRY,B,2026-03-31,"""{\""canonical_entry_stage\"": \""EARLY_TREND\"", \""canonical_exit_type\"": \""NO_PROGRESSED_BEFORE_CUTOFF\"", \""canonical_trade_id\"": \""453640_01\"", \""julia_support_fill_adapter\"": false}""",
JULIA_STRATEGY_V00,266410,KODEX 필수소비재,KR7266410000,2026-08-28,2026-08-31,10555.0,,,2026-08-31,,10630.0,0.710563713879675,0.594864530439998,0.00015,0.001,0.0,OPEN_AT_CUTOFF,NO_PROGRESSED_BEFORE_CUTOFF,1,2020-02-28,2026-08-31,KRX_RAW_ETF_OHLCV,ETF_PIT_LISTED_2Y_CLOSE_1000_VOL20_10000_V01,SECTOR_INDUSTRY,B,2020-03-31,"""{\""canonical_entry_stage\"": \""TRANSITION\"", \""canonical_exit_type\"": \""NO_PROGRESSED_BEFORE_CUTOFF\"", \""canonical_trade_id\"": \""266410_02\"", \""julia_support_fill_adapter\"": false}""",
PATTERN_A_FAST_FINAL_STRATEGY_V02,069500,KODEX 200,KR7069500007,2017-01-06,2017-01-09,26700.0,2020-03-18,2020-03-19,2020-03-19,22335.0,22335.0,-16.348314606741575,-16.54049244979987,0.00015,0.001,0.0,REALIZED,LOSS_GUARD_CLOSE_LE_NEG_15,782,2017-01-06,2026-08-31,KRX_RAW_ETF_OHLCV,ETF_PIT_LISTED_2Y_CLOSE_1000_VOL20_10000_V01,MARKET_INDEX,B,2017-01-31,"""{\""canonical_entry_stage\"": \""TRANSITION\"", \""canonical_exit_type\"": \""LOSS_GUARD_CLOSE_LE_NEG_15\"", \""canonical_trade_id\"": \""069500_01\"", \""julia_support_fill_adapter\"": false}""",
PATTERN_A_FAST_FINAL_STRATEGY_V02,069660,KIWOOM 200,KR7069660009,2017-01-06,2017-01-09,26605.0,2020-03-18,2020-03-19,2020-03-19,22640.0,22640.0,-14.903213681638794,-15.098711438426049,0.00015,0.001,0.0,REALIZED,LOSS_GUARD_CLOSE_LE_NEG_15,782,2017-01-06,2026-08-31,KRX_RAW_ETF_OHLCV,ETF_PIT_LISTED_2Y_CLOSE_1000_VOL20_10000_V01,MARKET_INDEX,B,2017-01-31,"""{\""canonical_entry_stage\"": \""TRANSITION\"", \""canonical_exit_type\"": \""LOSS_GUARD_CLOSE_LE_NEG_15\"", \""canonical_trade_id\"": \""069660_01\"", \""julia_support_fill_adapter\"": false}""",
PATTERN_A_FAST_FINAL_STRATEGY_V02,091170,KODEX 은행,KR7091170001,2017-01-06,2017-01-09,7220.0,2018-05-31,2018-06-01,2018-06-01,8155.0,8155.0,12.950138504155117,12.690651634418803,0.00015,0.001,0.0,REALIZED,EXIT3_PROGRESSED_TO_TRANSITION,341,2017-01-06,2026-08-31,KRX_RAW_ETF_OHLCV,ETF_PIT_LISTED_2Y_CLOSE_1000_VOL20_10000_V01,SECTOR_INDUSTRY,B,2017-01-31,"""{\""canonical_entry_stage\"": \""TRANSITION\"", \""canonical_exit_type\"": \""EXIT3_PROGRESSED_TO_TRANSITION\"", \""canonical_trade_id\"": \""091170_01\"", \""julia_support_fill_adapter\"": false}""",
PATTERN_A_FAST_FINAL_STRATEGY_V02,102110,TIGER 200,KR7102110004,2017-01-06,2017-01-09,26705.0,2020-03-18,2020-03-19,2020-03-19,22315.0,22315.0,-16.438869125631904,-16.630838932569493,0.00015,0.001,0.0,REALIZED,LOSS_GUARD_CLOSE_LE_NEG_15,782,2017-01-06,2026-08-31,KRX_RAW_ETF_OHLCV,ETF_PIT_LISTED_2Y_CLOSE_1000_VOL20_10000_V01,MARKET_INDEX,B,2017-01-31,"""{\""canonical_entry_stage\"": \""TRANSITION\"", \""canonical_exit_type\"": \""LOSS_GUARD_CLOSE_LE_NEG_15\"", \""canonical_trade_id\"": \""102110_01\"", \""julia_support_fill_adapter\"": false}""",
PATTERN_A_FAST_FINAL_STRATEGY_V02,105190,ACE 200,KR7105190003,2017-01-06,2017-01-09,26755.0,2020-03-18,2020-03-19,2020-03-19,22405.0,22405.0,-16.258643244253413,-16.451027094506255,0.00015,0.001,0.0,REALIZED,LOSS_GUARD_CLOSE_LE_NEG_15,782,2017-01-06,2026-08-31,KRX_RAW_ETF_OHLCV,ETF_PIT_LISTED_2Y_CLOSE_1000_VOL20_10000_V01,MARKET_INDEX,B,2017-01-31,"""{\""canonical_entry_stage\"": \""TRANSITION\"", \""canonical_exit_type\"": \""LOSS_GUARD_CLOSE_LE_NEG_15\"", \""canonical_trade_id\"": \""105190_01\"", \""julia_support_fill_adapter\"": false}""",
PATTERN_A_FAST_FINAL_STRATEGY_V02,117460,KODEX 에너지화학,KR7117460006,2017-01-06,2017-01-09,11040.0,2020-02-28,2020-03-02,2020-03-02,9140.0,9140.0,-17.21014492753623,-17.4003428380761,0.00015,0.001,0.0,REALIZED,LOSS_GUARD_CLOSE_LE_NEG_15,769,2017-01-06,2026-08-31,KRX_RAW_ETF_OHLCV,ETF_PIT_LISTED_2Y_CLOSE_1000_VOL20_10000_V01,SECTOR_INDUSTRY,B,2017-01-31,"""{\""canonical_entry_stage\"": \""TRANSITION\"", \""canonical_exit_type\"": \""LOSS_GUARD_CLOSE_LE_NEG_15\"", \""canonical_trade_id\"": \""117460_01\"", \""julia_support_fill_adapter\"": false}""",
PATTERN_A_FAST_FINAL_STRATEGY_V02,138910,KODEX 구리선물(H),KR7138910005,2017-01-06,2017-01-09,5525.0,2020-03-17,2020-03-18,2020-03-18,4590.0,4590.0,-16.92307692307692,-17.113934331505543,0.00015,0.001,0.0,REALIZED,LOSS_GUARD_CLOSE_LE_NEG_15,781,2017-01-06,2026-08-31,KRX_RAW_ETF_OHLCV,ETF_PIT_LISTED_2Y_CLOSE_1000_VOL20_10000_V01,COMMODITY_RESOURCE,B,2017-01-31,"""{\""canonical_entry_stage\"": \""TRANSITION\"", \""canonical_exit_type\"": \""LOSS_GUARD_CLOSE_LE_NEG_15\"", \""canonical_trade_id\"": \""138910_01\"", \""julia_support_fill_adapter\"": false}""",
PATTERN_A_FAST_FINAL_STRATEGY_V02,148020,RISE 200,KR7148020001,2017-01-06,2017-01-09,26815.0,2020-03-18,2020-03-19,2020-03-19,22310.0,22310.0,-16.800298340481078,-16.99143781523108,0.00015,0.001,0.0,REALIZED,LOSS_GUARD_CLOSE_LE_NEG_15,782,2017-01-06,2026-08-31,KRX_RAW_ETF_OHLCV,ETF_PIT_LISTED_2Y_CLOSE_1000_VOL20_10000_V01,MARKET_INDEX,B,2017-01-31,"""{\""canonical_entry_stage\"": \""TRANSITION\"", \""canonical_exit_type\"": \""LOSS_GUARD_CLOSE_LE_NEG_15\"", \""canonical_trade_id\"": \""148020_01\"", \""julia_support_fill_adapter\"": false}""",
PATTERN_A_FAST_FINAL_STRATEGY_V02,152100,PLUS 200,KR7152100004,2017-01-06,2017-01-09,26840.0,2020-03-18,2020-03-19,2020-03-19,22330.0,22330.0,-16.803278688524593,-16.9944113163491,0.00015,0.001,0.0,REALIZED,LOSS_GUARD_CLOSE_LE_NEG_15,782,2017-01-06,2026-08-31,KRX_RAW_ETF_OHLCV,ETF_PIT_LISTED_2Y_CLOSE_1000_VOL20_10000_V01,MARKET_INDEX,B,2017-01-31,"""{\""canonical_entry_stage\"": \""TRANSITION\"", \""canonical_exit_type\"": \""LOSS_GUARD_CLOSE_LE_NEG_15\"", \""canonical_trade_id\"": \""152100_01\"", \""julia_support_fill_adapter\"": false}""",
PATTERN_A_FAST_FINAL_STRATEGY_V02,152870,파워 200,KR7152870002,2017-01-06,2017-01-09,27160.0,2020-03-18,2020-03-19,2020-03-19,22745.0,22745.0,-16.255522827687773,-16.447913846653616,0.00015,0.001,0.0,REALIZED,LOSS_GUARD_CLOSE_LE_NEG_15,782,2017-01-06,2026-08-31,KRX_RAW_ETF_OHLCV,ETF_PIT_LISTED_2Y_CLOSE_1000_VOL20_10000_V01,MARKET_INDEX,B,2017-01-31,"""{\""canonical_entry_stage\"": \""TRANSITION\"", \""canonical_exit_type\"": \""LOSS_GUARD_CLOSE_LE_NEG_15\"", \""canonical_trade_id\"": \""152870_01\"", \""julia_support_fill_adapter\"": false}""",
PATTERN_A_FAST_FINAL_STRATEGY_V02,169950,KODEX 차이나A50,KR7169950003,2017-01-06,2017-01-09,13280.0,,,2026-08-31,,25250.0,90.1355421686747,89.91710900575174,0.00015,0.001,0.0,OPEN_AT_CUTOFF,NO_PROGRESSED_BEFORE_CUTOFF,2363,2017-01-06,2026-08-31,KRX_RAW_ETF_OHLCV,ETF_PIT_LISTED_2Y_CLOSE_1000_VOL20_10000_V01,MARKET_INDEX,B,2017-01-31,"""{\""canonical_entry_stage\"": \""TRANSITION\"", \""canonical_exit_type\"": \""NO_PROGRESSED_BEFORE_CUTOFF\"", \""canonical_trade_id\"": \""169950_01\"", \""julia_support_fill_adapter\"": false}""",
PATTERN_A_FAST_FINAL_STRATEGY_V02,122090,PLUS 코스피50,KR7122090004,2017-01-20,2017-01-23,17895.0,2020-03-19,2020-03-20,2020-03-20,14350.0,14350.0,-19.810002794076553,-19.99422790114328,0.00015,0.001,0.0,REALIZED,LOSS_GUARD_CLOSE_LE_NEG_15,773,2017-01-06,2026-08-31,KRX_RAW_ETF_OHLCV,ETF_PIT_LISTED_2Y_CLOSE_1000_VOL20_10000_V01,MARKET_INDEX,B,2017-01-31,"""{\""canonical_entry_stage\"": \""TRANSITION\"", \""canonical_exit_type\"": \""LOSS_GUARD_CLOSE_LE_NEG_15\"", \""canonical_trade_id\"": \""122090_01\"", \""julia_support_fill_adapter\"": false}""",
PATTERN_A_FAST_FINAL_STRATEGY_V02,091230,TIGER 반도체,KR7091230003,2017-03-03,2017-03-06,19955.0,2021-04-30,2021-05-03,2021-05-03,38300.0,38300.0,91.9318466549737,91.49091055032798,0.00015,0.001,0.0,REALIZED,EXIT4_SCORE_DRAWDOWN_GE_15,1022,2017-01-06,2026-08-31,KRX_RAW_ETF_OHLCV,ETF_PIT_LISTED_2Y_CLOSE_1000_VOL20_10000_V01,SECTOR_INDUSTRY,B,2017-01-31,"""{\""canonical_entry_stage\"": \""TRANSITION\"", \""canonical_exit_type\"": \""EXIT4_SCORE_DRAWDOWN_GE_15\"", \""canonical_trade_id\"": \""091230_01\"", \""julia_support_fill_adapter\"": false}""",
PATTERN_A_FAST_FINAL_STRATEGY_V02,117680,KODEX 철강,KR7117680009,2017-03-03,2017-03-06,9835.0,2018-07-02,2018-07-03,2018-07-03,8260.0,8260.0,-16.014234875444842,-16.20718021914427,0.00015,0.001,0.0,REALIZED,LOSS_GUARD_CLOSE_LE_NEG_15,324,2017-01-06,2026-08-31,KRX_RAW_ETF_OHLCV,ETF_PIT_LISTED_2Y_CLOSE_1000_VOL20_10000_V01,SECTOR_INDUSTRY,B,2017-01-31,"""{\""canonical_entry_stage\"": \""TRANSITION\"", \""canonical_exit_type\"": \""LOSS_GUARD_CLOSE_LE_NEG_15\"", \""canonical_trade_id\"": \""117680_01\"", \""julia_support_fill_adapter\"": false}""",
PATTERN_A_FAST_FINAL_STRATEGY_V02,139230,TIGER 200 중공업,KR7139230007,2017-03-17,2017-03-20,3640.0,2017-12-07,2017-12-08,2017-12-08,3060.0,3060.0,-15.934065934065933,-16.127195454499656,0.00015,0.001,0.0,REALIZED,LOSS_GUARD_CLOSE_LE_NEG_15,178,2017-01-06,2026-08-31,KRX_RAW_ETF_OHLCV,ETF_PIT_LISTED_2Y_CLOSE_1000_VOL20_10000_V01,MARKET_INDEX,B,2017-01-31,"""{\""canonical_entry_stage\"": \""TRANSITION\"", \""canonical_exit_type\"": \""LOSS_GUARD_CLOSE_LE_NEG_15\"", \""canonical_trade_id\"": \""139230_01\"", \""julia_support_fill_adapter\"": false}""",
PATTERN_A_FAST_FINAL_STRATEGY_V02,157500,TIGER 증권,KR7157500000,2017-03-17,2017-03-20,4250.0,2018-08-13,2018-08-14,2018-08-14,3615.0,3615.0,-14.941176470588236,-15.136587013270198,0.00015,0.001,0.0,REALIZED,LOSS_GUARD_CLOSE_LE_NEG_15,344,2017-01-06,2026-08-31,KRX_RAW_ETF_OHLCV,ETF_PIT_LISTED_2Y_CLOSE_1000_VOL20_10000_V01,SECTOR_INDUSTRY,B,2017-01-31,"""{\""canonical_entry_stage\"": \""TRANSITION\"", \""canonical_exit_type\"": \""LOSS_GUARD_CLOSE_LE_NEG_15\"", \""canonical_trade_id\"": \""157500_01\"", \""julia_support_fill_adapter\"": false}""",
PATTERN_A_FAST_FINAL_STRATEGY_V02,091220,TIGER 은행,KR7091220004,2017-03-31,2017-04-03,7960.0,2018-05-31,2018-06-01,2018-06-01,8310.0,8310.0,4.396984924623126,4.157147708071118,0.00015,0.001,0.0,REALIZED,EXIT3_PROGRESSED_TO_TRANSITION,284,2017-01-06,2026-08-31,KRX_RAW_ETF_OHLCV,ETF_PIT_LISTED_2Y_CLOSE_1000_VOL20_10000_V01,SECTOR_INDUSTRY,B,2017-01-31,"""{\""canonical_entry_stage\"": \""EARLY_TREND\"", \""canonical_exit_type\"": \""EXIT3_PROGRESSED_TO_TRANSITION\"", \""canonical_trade_id\"": \""091220_01\"", \""julia_support_fill_adapter\"": false}""",
PATTERN_A_FAST_FINAL_STRATEGY_V02,102970,KODEX 증권,KR7102970001,2017-03-31,2017-04-03,6400.0,2020-03-12,2020-03-13,2020-03-13,4855.0,4855.0,-24.140625000000004,-24.31490111882193,0.00015,0.001,0.0,REALIZED,LOSS_GUARD_CLOSE_LE_NEG_15,721,2017-01-06,2026-08-31,KRX_RAW_ETF_OHLCV,ETF_PIT_LISTED_2Y_CLOSE_1000_VOL20_10000_V01,SECTOR_INDUSTRY,B,2017-01-31,"""{\""canonical_entry_stage\"": \""TRANSITION\"", \""canonical_exit_type\"": \""LOSS_GUARD_CLOSE_LE_NEG_15\"", \""canonical_trade_id\"": \""102970_01\"", \""julia_support_fill_adapter\"": false}""",
PATTERN_A_FAST_FINAL_STRATEGY_V02,139270,TIGER 200 금융,KR7139270003,2017-05-12,2017-05-15,8185.0,2019-07-09,2019-07-10,2019-07-10,6935.0,6935.0,-15.271838729383013,-15.466489622580637,0.00015,0.001,0.0,REALIZED,LOSS_GUARD_CLOSE_LE_NEG_15,528,2017-01-06,2026-08-31,KRX_RAW_ETF_OHLCV,ETF_PIT_LISTED_2Y_CLOSE_1000_VOL20_10000_V01,SECTOR_INDUSTRY,B,2017-01-31,"""{\""canonical_entry_stage\"": \""TRANSITION\"", \""canonical_exit_type\"": \""LOSS_GUARD_CLOSE_LE_NEG_15\"", \""canonical_trade_id\"": \""139270_01\"", \""julia_support_fill_adapter\"": false}""",
PATTERN_A_FAST_FINAL_STRATEGY_V02,143860,TIGER 헬스케어,KR7143860005,2017-06-02,2017-06-05,26050.0,2018-05-31,2018-06-01,2018-06-01,41760.0,41760.0,60.30710172744722,59.93881897388309,0.00015,0.001,0.0,REALIZED,EXIT4_SCORE_DRAWDOWN_GE_15,243,2017-01-06,2026-08-31,KRX_RAW_ETF_OHLCV,ETF_PIT_LISTED_2Y_CLOSE_1000_VOL20_10000_V01,SECTOR_INDUSTRY,B,2017-01-31,"""{\""canonical_entry_stage\"": \""TRANSITION\"", \""canonical_exit_type\"": \""EXIT4_SCORE_DRAWDOWN_GE_15\"", \""canonical_trade_id\"": \""143860_01\"", \""julia_support_fill_adapter\"": false}""",
PATTERN_A_FAST_FINAL_STRATEGY_V02,157490,TIGER 소프트웨어,KR7157490004,2017-06-09,2017-06-12,7910.0,2018-10-26,2018-10-29,2018-10-29,6585.0,6585.0,-16.750948166877365,-16.9422010166284,0.00015,0.001,0.0,REALIZED,LOSS_GUARD_CLOSE_LE_NEG_15,337,2017-01-06,2026-08-31,KRX_RAW_ETF_OHLCV,ETF_PIT_LISTED_2Y_CLOSE_1000_VOL20_10000_V01,SECTOR_INDUSTRY,B,2017-01-31,"""{\""canonical_entry_stage\"": \""TRANSITION\"", \""canonical_exit_type\"": \""LOSS_GUARD_CLOSE_LE_NEG_15\"", \""canonical_trade_id\"": \""157490_01\"", \""julia_support_fill_adapter\"": false}""",
PATTERN_A_FAST_FINAL_STRATEGY_V02,140700,KODEX 보험,KR7140700006,2017-06-23,2017-06-26,8920.0,2019-05-13,2019-05-14,2019-05-14,7440.0,7440.0,-16.59192825112108,-16.783546426499075,0.00015,0.001,0.0,REALIZED,LOSS_GUARD_CLOSE_LE_NEG_15,459,2017-01-06,2026-08-31,KRX_RAW_ETF_OHLCV,ETF_PIT_LISTED_2Y_CLOSE_1000_VOL20_10000_V01,SECTOR_INDUSTRY,B,2017-01-31,"""{\""canonical_entry_stage\"": \""TRANSITION\"", \""canonical_exit_type\"": \""LOSS_GUARD_CLOSE_LE_NEG_15\"", \""canonical_trade_id\"": \""140700_01\"", \""julia_support_fill_adapter\"": false}""",
PATTERN_A_FAST_FINAL_STRATEGY_V02,174360,RISE 중국본토대형주CSI100,KR7174360008,2017-06-30,2017-07-03,14150.0,,,2026-08-31,,23230.0,64.1696113074205,63.98100855043622,0.00015,0.001,0.0,OPEN_AT_CUTOFF,NO_EXIT_BEFORE_CUTOFF,2246,2017-01-06,2026-08-31,KRX_RAW_ETF_OHLCV,ETF_PIT_LISTED_2Y_CLOSE_1000_VOL20_10000_V01,MARKET_INDEX,B,2017-01-31,"""{\""canonical_entry_stage\"": \""TRANSITION\"", \""canonical_exit_type\"": \""NO_EXIT_BEFORE_CUTOFF\"", \""canonical_trade_id\"": \""174360_01\"", \""julia_support_fill_adapter\"": false}""",
PATTERN_A_FAST_FINAL_STRATEGY_V02,195930,TIGER 유로스탁스50(합성 H),KR7195930003,2017-06-30,2017-07-03,11360.0,2018-12-26,2018-12-27,2018-12-27,9915.0,9915.0,-12.720070422535212,-12.920583640285999,0.00015,0.001,0.0,REALIZED,LOSS_GUARD_CLOSE_LE_NEG_15,364,2017-03-31,2026-08-31,KRX_RAW_ETF_OHLCV,ETF_PIT_LISTED_2Y_CLOSE_1000_VOL20_10000_V01,MARKET_INDEX,A,2017-03-31,"""{\""canonical_entry_stage\"": \""TRANSITION\"", \""canonical_exit_type\"": \""LOSS_GUARD_CLOSE_LE_NEG_15\"", \""canonical_trade_id\"": \""195930_01\"", \""julia_support_fill_adapter\"": false}""",
PATTERN_A_FAST_FINAL_STRATEGY_V02,200250,KIWOOM 인도Nifty50(합성),KR7200250009,2017-07-14,2017-07-17,12760.0,2020-03-16,2020-03-17,2020-03-17,10535.0,10535.0,-17.437304075235105,-17.626980119959235,0.00015,0.001,0.0,REALIZED,LOSS_GUARD_CLOSE_LE_NEG_15,653,2017-06-02,2026-08-31,KRX_RAW_ETF_OHLCV,ETF_PIT_LISTED_2Y_CLOSE_1000_VOL20_10000_V01,MARKET_INDEX,A,2017-06-02,"""{\""canonical_entry_stage\"": \""TRANSITION\"", \""canonical_exit_type\"": \""LOSS_GUARD_CLOSE_LE_NEG_15\"", \""canonical_trade_id\"": \""200250_01\"", \""julia_support_fill_adapter\"": false}""",
PATTERN_A_FAST_FINAL_STRATEGY_V02,168580,ACE 중국본토CSI300,KR7168580009,2017-07-21,2017-07-24,21000.0,2018-10-11,2018-10-12,2018-10-12,17655.0,17655.0,-15.928571428571425,-16.121713571849604,0.00015,0.001,0.0,REALIZED,LOSS_GUARD_CLOSE_LE_NEG_15,296,2017-01-06,2026-08-31,KRX_RAW_ETF_OHLCV,ETF_PIT_LISTED_2Y_CLOSE_1000_VOL20_10000_V01,MARKET_INDEX,B,2017-01-31,"""{\""canonical_entry_stage\"": \""TRANSITION\"", \""canonical_exit_type\"": \""LOSS_GUARD_CLOSE_LE_NEG_15\"", \""canonical_trade_id\"": \""168580_01\"", \""julia_support_fill_adapter\"": false}""",
PATTERN_A_FAST_FINAL_STRATEGY_V02,091160,KODEX 반도체,KR7091160002,2017-08-18,2017-08-21,25140.0,2021-04-30,2021-05-03,2021-05-03,37500.0,37500.0,49.16467780429594,48.821993184062016,0.00015,0.001,0.0,REALIZED,EXIT4_SCORE_DRAWDOWN_GE_15,908,2017-01-06,2026-08-31,KRX_RAW_ETF_OHLCV,ETF_PIT_LISTED_2Y_CLOSE_1000_VOL20_10000_V01,SECTOR_INDUSTRY,B,2017-01-31,"""{\""canonical_entry_stage\"": \""TRANSITION\"", \""canonical_exit_type\"": \""EXIT4_SCORE_DRAWDOWN_GE_15\"", \""canonical_trade_id\"": \""091160_01\"", \""julia_support_fill_adapter\"": false}""",
PATTERN_A_FAST_FINAL_STRATEGY_V02,132030,KODEX 골드선물(H),KR7132030008,2017-09-01,2017-09-04,10035.0,2026-01-31,2026-02-02,2026-02-02,27145.0,27145.0,170.50323866467366,169.88179596806242,0.00015,0.001,0.0,REALIZED,EXIT4_SCORE_DRAWDOWN_GE_15,2062,2017-01-06,2026-08-31,KRX_RAW_ETF_OHLCV,ETF_PIT_LISTED_2Y_CLOSE_1000_VOL20_10000_V01,COMMODITY_RESOURCE,B,2017-01-31,"""{\""canonical_entry_stage\"": \""TRANSITION\"", \""canonical_exit_type\"": \""EXIT4_SCORE_DRAWDOWN_GE_15\"", \""canonical_trade_id\"": \""132030_01\"", \""julia_support_fill_adapter\"": false}""",
PATTERN_A_FAST_FINAL_STRATEGY_V02,099140,KODEX 차이나H,KR7099140006,2018-01-26,2018-01-29,23695.0,2018-06-27,2018-06-28,2018-06-28,19915.0,19915.0,-15.95273264401772,-16.145819280341712,0.00015,0.001,0.0,REALIZED,LOSS_GUARD_CLOSE_LE_NEG_15,101,2017-01-06,2026-08-31,KRX_RAW_ETF_OHLCV,ETF_PIT_LISTED_2Y_CLOSE_1000_VOL20_10000_V01,MARKET_INDEX,B,2017-01-31,"""{\""canonical_entry_stage\"": \""TRANSITION\"", \""canonical_exit_type\"": \""LOSS_GUARD_CLOSE_LE_NEG_15\"", \""canonical_trade_id\"": \""099140_01\"", \""julia_support_fill_adapter\"": false}""",
PATTERN_A_FAST_FINAL_STRATEGY_V02,117700,KODEX 건설,KR7117700005,2018-01-26,2018-01-29,3185.0,2019-08-01,2019-08-02,2019-08-02,2655.0,2655.0,-16.64050235478807,-16.832008938075294,0.00015,0.001,0.0,REALIZED,LOSS_GUARD_CLOSE_LE_NEG_15,371,2017-01-06,2026-08-31,KRX_RAW_ETF_OHLCV,ETF_PIT_LISTED_2Y_CLOSE_1000_VOL20_10000_V01,SECTOR_INDUSTRY,B,2017-01-31,"""{\""canonical_entry_stage\"": \""TRANSITION\"", \""canonical_exit_type\"": \""LOSS_GUARD_CLOSE_LE_NEG_15\"", \""canonical_trade_id\"": \""117700_01\"", \""julia_support_fill_adapter\"": false}""",
PATTERN_A_FAST_FINAL_STRATEGY_V02,192090,TIGER 차이나CSI300,KR7192090009,2018-01-26,2018-01-29,9895.0,2018-06-19,2018-06-20,2018-06-20,8280.0,8280.0,-16.321374431531076,-16.51361416580819,0.00015,0.001,0.0,REALIZED,LOSS_GUARD_CLOSE_LE_NEG_15,95,2017-02-03,2026-08-31,KRX_RAW_ETF_OHLCV,ETF_PIT_LISTED_2Y_CLOSE_1000_VOL20_10000_V01,MARKET_INDEX,A,2017-02-03,"""{\""canonical_entry_stage\"": \""TRANSITION\"", \""canonical_exit_type\"": \""LOSS_GUARD_CLOSE_LE_NEG_15\"", \""canonical_trade_id\"": \""192090_01\"", \""julia_support_fill_adapter\"": false}""",
PATTERN_A_FAST_FINAL_STRATEGY_V02,139220,TIGER 200 건설,KR7139220008,2018-02-02,2018-02-05,2865.0,2019-08-01,2019-08-02,2019-08-02,2395.0,2395.0,-16.404886561954623,-16.596934438996335,0.00015,0.001,0.0,REALIZED,LOSS_GUARD_CLOSE_LE_NEG_15,366,2017-01-06,2026-08-31,KRX_RAW_ETF_OHLCV,ETF_PIT_LISTED_2Y_CLOSE_1000_VOL20_10000_V01,SECTOR_INDUSTRY,B,2017-01-31,"""{\""canonical_entry_stage\"": \""TRANSITION\"", \""canonical_exit_type\"": \""LOSS_GUARD_CLOSE_LE_NEG_15\"", \""canonical_trade_id\"": \""139220_01\"", \""julia_support_fill_adapter\"": false}""",
PATTERN_A_FAST_FINAL_STRATEGY_V02,139250,TIGER 200 에너지화학,KR7139250005,2018-03-02,2018-03-05,16195.0,2018-07-02,2018-07-03,2018-07-03,13575.0,13575.0,-16.17783266440259,-16.370402165462817,0.00015,0.001,0.0,REALIZED,LOSS_GUARD_CLOSE_LE_NEG_15,82,2017-01-06,2026-08-31,KRX_RAW_ETF_OHLCV,ETF_PIT_LISTED_2Y_CLOSE_1000_VOL20_10000_V01,SECTOR_INDUSTRY,B,2017-01-31,"""{\""canonical_entry_stage\"": \""TRANSITION\"", \""canonical_exit_type\"": \""LOSS_GUARD_CLOSE_LE_NEG_15\"", \""canonical_trade_id\"": \""139250_01\"", \""julia_support_fill_adapter\"": false}""",
PATTERN_A_FAST_FINAL_STRATEGY_V02,143850,TIGER 미국S&P500선물(H),KR7143850006,2018-03-02,2018-03-05,31735.0,2020-03-23,2020-03-24,2020-03-24,26265.0,26265.0,-17.236489680163857,-17.42662706738357,0.00015,0.001,0.0,REALIZED,LOSS_GUARD_CLOSE_LE_NEG_15,506,2017-01-06,2026-08-31,KRX_RAW_ETF_OHLCV,ETF_PIT_LISTED_2Y_CLOSE_1000_VOL20_10000_V01,MARKET_INDEX,B,2017-01-31,"""{\""canonical_entry_stage\"": \""TRANSITION\"", \""canonical_exit_type\"": \""LOSS_GUARD_CLOSE_LE_NEG_15\"", \""canonical_trade_id\"": \""143850_01\"", \""julia_support_fill_adapter\"": false}""",
PATTERN_A_FAST_FINAL_STRATEGY_V02,195920,TIGER 일본TOPIX(합성 H),KR7195920004,2018-03-16,2018-03-19,14455.0,2018-12-24,2018-12-26,2018-12-26,11840.0,11840.0,-18.09062608094085,-18.278801211328478,0.00015,0.001,0.0,REALIZED,LOSS_GUARD_CLOSE_LE_NEG_15,191,2017-03-31,2026-08-31,KRX_RAW_ETF_OHLCV,ETF_PIT_LISTED_2Y_CLOSE_1000_VOL20_10000_V01,MARKET_INDEX,A,2017-03-31,"""{\""canonical_entry_stage\"": \""TRANSITION\"", \""canonical_exit_type\"": \""LOSS_GUARD_CLOSE_LE_NEG_15\"", \""canonical_trade_id\"": \""195920_01\"", \""julia_support_fill_adapter\"": false}""",
PATTERN_A_FAST_FINAL_STRATEGY_V02,130680,TIGER 원유선물Enhanced(H),KR7130680002,2018-03-23,2018-03-26,4840.0,2018-11-23,2018-11-26,2018-11-26,3875.0,3875.0,-19.938016528925615,-20.12194754265365,0.00015,0.001,0.0,REALIZED,LOSS_GUARD_CLOSE_LE_NEG_15,165,2017-01-06,2026-08-31,KRX_RAW_ETF_OHLCV,ETF_PIT_LISTED_2Y_CLOSE_1000_VOL20_10000_V01,COMMODITY_RESOURCE,B,2017-01-31,"""{\""canonical_entry_stage\"": \""TRANSITION\"", \""canonical_exit_type\"": \""LOSS_GUARD_CLOSE_LE_NEG_15\"", \""canonical_trade_id\"": \""130680_01\"", \""julia_support_fill_adapter\"": false}""",
PATTERN_A_FAST_FINAL_STRATEGY_V02,195980,PLUS 신흥국MSCI(합성 H),KR7195980008,2018-03-30,2018-04-02,11730.0,2018-10-11,2018-10-12,2018-10-12,9575.0,9575.0,-18.371696504688828,-18.5592259157759,0.00015,0.001,0.0,REALIZED,LOSS_GUARD_CLOSE_LE_NEG_15,129,2017-04-28,2026-08-31,KRX_RAW_ETF_OHLCV,ETF_PIT_LISTED_2Y_CLOSE_1000_VOL20_10000_V01,MARKET_INDEX,B,2017-05-31,"""{\""canonical_entry_stage\"": \""TRANSITION\"", \""canonical_exit_type\"": \""LOSS_GUARD_CLOSE_LE_NEG_15\"", \""canonical_trade_id\"": \""195980_01\"", \""julia_support_fill_adapter\"": false}""",
PATTERN_A_FAST_FINAL_STRATEGY_V02,133690,TIGER 미국나스닥100,KR7133690008,2018-04-13,2018-04-16,32100.0,2020-11-30,2020-12-01,2020-12-01,61285.0,61285.0,90.9190031152648,90.48039387451794,0.00015,0.001,0.0,REALIZED,EXIT4_SCORE_DRAWDOWN_GE_15,647,2017-01-06,2026-08-31,KRX_RAW_ETF_OHLCV,ETF_PIT_LISTED_2Y_CLOSE_1000_VOL20_10000_V01,MARKET_INDEX,B,2017-01-31,"""{\""canonical_entry_stage\"": \""TRANSITION\"", \""canonical_exit_type\"": \""EXIT4_SCORE_DRAWDOWN_GE_15\"", \""canonical_trade_id\"": \""133690_01\"", \""julia_support_fill_adapter\"": false}""",
PATTERN_A_FAST_FINAL_STRATEGY_V02,219480,KODEX 미국S&P500선물(H),KR7219480001,2018-11-02,2018-11-05,12995.0,2020-03-23,2020-03-24,2020-03-24,10825.0,10825.0,-16.69873028087726,-16.890103093790476,0.00015,0.001,0.0,REALIZED,LOSS_GUARD_CLOSE_LE_NEG_15,342,2018-05-04,2026-08-31,KRX_RAW_ETF_OHLCV,ETF_PIT_LISTED_2Y_CLOSE_1000_VOL20_10000_V01,MARKET_INDEX,A,2018-05-04,"""{\""canonical_entry_stage\"": \""TRANSITION\"", \""canonical_exit_type\"": \""LOSS_GUARD_CLOSE_LE_NEG_15\"", \""canonical_trade_id\"": \""219480_01\"", \""julia_support_fill_adapter\"": false}""",
PATTERN_A_FAST_FINAL_STRATEGY_V02,228800,TIGER 여행레저,KR7228800009,2019-01-11,2019-01-14,4775.0,2019-07-26,2019-07-29,2019-07-29,4005.0,4005.0,-16.125654450261784,-16.318343823343728,0.00015,0.001,0.0,REALIZED,LOSS_GUARD_CLOSE_LE_NEG_15,134,2018-09-28,2026-08-31,KRX_RAW_ETF_OHLCV,ETF_PIT_LISTED_2Y_CLOSE_1000_VOL20_10000_V01,SECTOR_INDUSTRY,B,2018-10-31,"""{\""canonical_entry_stage\"": \""EARLY_TREND\"", \""canonical_exit_type\"": \""LOSS_GUARD_CLOSE_LE_NEG_15\"", \""canonical_trade_id\"": \""228800_01\"", \""julia_support_fill_adapter\"": false}""",
PATTERN_A_FAST_FINAL_STRATEGY_V02,168580,ACE 중국본토CSI300,KR7168580009,2019-03-08,2019-03-11,21535.0,2026-08-31,2026-09-01,2026-09-01,34325.0,34325.0,59.39168794984908,59.02550822917021,0.00015,0.001,0.0,REALIZED,EXIT3_PROGRESSED_TO_TRANSITION,1838,2017-01-06,2026-08-31,KRX_RAW_ETF_OHLCV,ETF_PIT_LISTED_2Y_CLOSE_1000_VOL20_10000_V01,MARKET_INDEX,B,2017-01-31,"""{\""canonical_entry_stage\"": \""TRANSITION\"", \""canonical_exit_type\"": \""EXIT3_PROGRESSED_TO_TRANSITION\"", \""canonical_trade_id\"": \""168580_02\"", \""julia_support_fill_adapter\"": false}""",
PATTERN_A_FAST_FINAL_STRATEGY_V02,192090,TIGER 차이나CSI300,KR7192090009,2019-03-08,2019-03-11,8175.0,2026-08-31,2026-09-01,2026-09-01,12435.0,12435.0,52.11009174311927,51.76064045351083,0.00015,0.001,0.0,REALIZED,EXIT3_PROGRESSED_TO_TRANSITION,1838,2017-02-03,2026-08-31,KRX_RAW_ETF_OHLCV,ETF_PIT_LISTED_2Y_CLOSE_1000_VOL20_10000_V01,MARKET_INDEX,A,2017-02-03,"""{\""canonical_entry_stage\"": \""TRANSITION\"", \""canonical_exit_type\"": \""EXIT3_PROGRESSED_TO_TRANSITION\"", \""canonical_trade_id\"": \""192090_02\"", \""julia_support_fill_adapter\"": false}""",
PATTERN_A_FAST_FINAL_STRATEGY_V02,157500,TIGER 증권,KR7157500000,2019-04-05,2019-04-08,4170.0,2020-02-24,2020-02-25,2020-02-25,3375.0,3375.0,-19.064748201438853,-19.25068542487798,0.00015,0.001,0.0,REALIZED,LOSS_GUARD_CLOSE_LE_NEG_15,219,2017-01-06,2026-08-31,KRX_RAW_ETF_OHLCV,ETF_PIT_LISTED_2Y_CLOSE_1000_VOL20_10000_V01,SECTOR_INDUSTRY,B,2017-01-31,"""{\""canonical_entry_stage\"": \""TRANSITION\"", \""canonical_exit_type\"": \""LOSS_GUARD_CLOSE_LE_NEG_15\"", \""canonical_trade_id\"": \""157500_02\"", \""julia_support_fill_adapter\"": false}""",
PATTERN_A_FAST_FINAL_STRATEGY_V02,195980,PLUS 신흥국MSCI(합성 H),KR7195980008,2019-04-19,2019-04-22,10965.0,2020-03-12,2020-03-13,2020-03-13,6930.0,6930.0,-36.79890560875513,-36.94410112922712,0.00015,0.001,0.0,REALIZED,LOSS_GUARD_CLOSE_LE_NEG_15,222,2017-04-28,2026-08-31,KRX_RAW_ETF_OHLCV,ETF_PIT_LISTED_2Y_CLOSE_1000_VOL20_10000_V01,MARKET_INDEX,B,2017-05-31,"""{\""canonical_entry_stage\"": \""TRANSITION\"", \""canonical_exit_type\"": \""LOSS_GUARD_CLOSE_LE_NEG_15\"", \""canonical_trade_id\"": \""195980_02\"", \""julia_support_fill_adapter\"": false}""",
PATTERN_A_FAST_FINAL_STRATEGY_V02,144600,KODEX 은선물(H),KR7144600004,2019-08-09,2019-08-12,3820.0,2020-03-16,2020-03-17,2020-03-17,2875.0,2875.0,-24.738219895287962,-24.911123124879285,0.00015,0.001,0.0,REALIZED,LOSS_GUARD_CLOSE_LE_NEG_15,147,2017-01-06,2026-08-31,KRX_RAW_ETF_OHLCV,ETF_PIT_LISTED_2Y_CLOSE_1000_VOL20_10000_V01,COMMODITY_RESOURCE,B,2017-01-31,"""{\""canonical_entry_stage\"": \""TRANSITION\"", \""canonical_exit_type\"": \""LOSS_GUARD_CLOSE_LE_NEG_15\"", \""canonical_trade_id\"": \""144600_01\"", \""julia_support_fill_adapter\"": false}""",
PATTERN_A_FAST_FINAL_STRATEGY_V02,195930,TIGER 유로스탁스50(합성 H),KR7195930003,2019-08-30,2019-09-02,11510.0,2020-03-12,2020-03-13,2020-03-13,8610.0,8610.0,-25.19548218940052,-25.367334923942273,0.00015,0.001,0.0,REALIZED,LOSS_GUARD_CLOSE_LE_NEG_15,131,2017-03-31,2026-08-31,KRX_RAW_ETF_OHLCV,ETF_PIT_LISTED_2Y_CLOSE_1000_VOL20_10000_V01,MARKET_INDEX,A,2017-03-31,"""{\""canonical_entry_stage\"": \""TRANSITION\"", \""canonical_exit_type\"": \""LOSS_GUARD_CLOSE_LE_NEG_15\"", \""canonical_trade_id\"": \""195930_02\"", \""julia_support_fill_adapter\"": false}""",
PATTERN_A_FAST_FINAL_STRATEGY_V02,139320,TIGER 금은선물(H),KR7139320006,2019-09-06,2019-09-09,8560.0,2026-01-31,2026-02-02,2026-02-02,20855.0,20855.0,143.63317757009347,143.07346501507737,0.00015,0.001,0.0,REALIZED,EXIT4_SCORE_DRAWDOWN_GE_15,1571,2017-01-06,2026-08-31,KRX_RAW_ETF_OHLCV,ETF_PIT_LISTED_2Y_CLOSE_1000_VOL20_10000_V01,COMMODITY_RESOURCE,B,2017-01-31,"""{\""canonical_entry_stage\"": \""EARLY_TREND\"", \""canonical_exit_type\"": \""EXIT4_SCORE_DRAWDOWN_GE_15\"", \""canonical_trade_id\"": \""139320_01\"", \""julia_support_fill_adapter\"": false}""",
PATTERN_A_FAST_FINAL_STRATEGY_V02,157490,TIGER 소프트웨어,KR7157490004,2019-09-06,2019-09-09,8065.0,2020-11-30,2020-12-01,2020-12-01,13590.0,13590.0,68.50588964662121,68.11877134454912,0.00015,0.001,0.0,REALIZED,EXIT4_SCORE_DRAWDOWN_GE_15,304,2017-01-06,2026-08-31,KRX_RAW_ETF_OHLCV,ETF_PIT_LISTED_2Y_CLOSE_1000_VOL20_10000_V01,SECTOR_INDUSTRY,B,2017-01-31,"""{\""canonical_entry_stage\"": \""TRANSITION\"", \""canonical_exit_type\"": \""EXIT4_SCORE_DRAWDOWN_GE_15\"", \""canonical_trade_id\"": \""157490_02\"", \""julia_support_fill_adapter\"": false}""",
PATTERN_A_FAST_FINAL_STRATEGY_V02,245710,ACE 베트남VN30(합성),KR7245710009,2019-09-27,2019-09-30,14155.0,2020-03-09,2020-03-10,2020-03-10,11550.0,11550.0,-18.403391027905336,-18.590847625335606,0.00015,0.001,0.0,REALIZED,LOSS_GUARD_CLOSE_LE_NEG_15,110,2019-06-28,2026-08-31,KRX_RAW_ETF_OHLCV,ETF_PIT_LISTED_2Y_CLOSE_1000_VOL20_10000_V01,MARKET_INDEX,B,2019-07-31,"""{\""canonical_entry_stage\"": \""TRANSITION\"", \""canonical_exit_type\"": \""LOSS_GUARD_CLOSE_LE_NEG_15\"", \""canonical_trade_id\"": \""245710_01\"", \""julia_support_fill_adapter\"": false}""",
PATTERN_A_FAST_FINAL_STRATEGY_V02,139260,TIGER 200 IT,KR7139260004,2019-11-22,2019-11-25,21515.0,2020-03-18,2020-03-19,2020-03-19,18275.0,18275.0,-15.05926098071113,-15.254400241035249,0.00015,0.001,0.0,REALIZED,LOSS_GUARD_CLOSE_LE_NEG_15,79,2017-01-06,2026-08-31,KRX_RAW_ETF_OHLCV,ETF_PIT_LISTED_2Y_CLOSE_1000_VOL20_10000_V01,SECTOR_INDUSTRY,B,2017-01-31,"""{\""canonical_entry_stage\"": \""TRANSITION\"", \""canonical_exit_type\"": \""LOSS_GUARD_CLOSE_LE_NEG_15\"", \""canonical_trade_id\"": \""139260_01\"", \""julia_support_fill_adapter\"": false}""",
PATTERN_A_FAST_FINAL_STRATEGY_V02,226490,KODEX 코스피,KR7226490001,2019-11-22,2019-11-25,21275.0,2020-03-16,2020-03-17,2020-03-17,16720.0,16720.0,-21.41010575793184,-21.5906548561433,0.00015,0.001,0.0,REALIZED,LOSS_GUARD_CLOSE_LE_NEG_15,77,2018-08-03,2026-08-31,KRX_RAW_ETF_OHLCV,ETF_PIT_LISTED_2Y_CLOSE_1000_VOL20_10000_V01,MARKET_INDEX,A,2018-08-03,"""{\""canonical_entry_stage\"": \""TRANSITION\"", \""canonical_exit_type\"": \""LOSS_GUARD_CLOSE_LE_NEG_15\"", \""canonical_trade_id\"": \""226490_01\"", \""julia_support_fill_adapter\"": false}""",
PATTERN_A_FAST_FINAL_STRATEGY_V02,227830,PLUS 코스피,KR7227830007,2019-11-22,2019-11-25,21540.0,2020-03-13,2020-03-16,2020-03-16,18490.0,18490.0,-14.159702878365831,-14.356908745417595,0.00015,0.001,0.0,REALIZED,LOSS_GUARD_CLOSE_LE_NEG_15,76,2018-08-31,2026-08-31,KRX_RAW_ETF_OHLCV,ETF_PIT_LISTED_2Y_CLOSE_1000_VOL20_10000_V01,MARKET_INDEX,A,2018-08-31,"""{\""canonical_entry_stage\"": \""TRANSITION\"", \""canonical_exit_type\"": \""LOSS_GUARD_CLOSE_LE_NEG_15\"", \""canonical_trade_id\"": \""227830_01\"", \""julia_support_fill_adapter\"": false}""",
PATTERN_A_FAST_FINAL_STRATEGY_V02,237350,KODEX 코스피100,KR7237350004,2019-11-22,2019-11-25,21770.0,2020-03-17,2020-03-18,2020-03-18,18340.0,18340.0,-15.7556270096463,-15.94916646811595,0.00015,0.001,0.0,REALIZED,LOSS_GUARD_CLOSE_LE_NEG_15,78,2018-12-28,2026-08-31,KRX_RAW_ETF_OHLCV,ETF_PIT_LISTED_2Y_CLOSE_1000_VOL20_10000_V01,MARKET_INDEX,B,2019-01-31,"""{\""canonical_entry_stage\"": \""TRANSITION\"", \""canonical_exit_type\"": \""LOSS_GUARD_CLOSE_LE_NEG_15\"", \""canonical_trade_id\"": \""237350_01\"", \""julia_support_fill_adapter\"": false}""",
PATTERN_A_FAST_FINAL_STRATEGY_V02,261220,KODEX WTI원유선물(H),KR7261220008,2020-01-03,2020-01-06,22145.0,2020-01-28,2020-01-29,2020-01-29,18605.0,18605.0,-15.985549785504627,-16.17856102911611,0.00015,0.001,0.0,REALIZED,LOSS_GUARD_CLOSE_LE_NEG_15,16,2019-11-29,2026-08-31,KRX_RAW_ETF_OHLCV,ETF_PIT_LISTED_2Y_CLOSE_1000_VOL20_10000_V01,COMMODITY_RESOURCE,B,2019-12-30,"""{\""canonical_entry_stage\"": \""TRANSITION\"", \""canonical_exit_type\"": \""LOSS_GUARD_CLOSE_LE_NEG_15\"", \""canonical_trade_id\"": \""261220_01\"", \""julia_support_fill_adapter\"": false}""",
PATTERN_A_FAST_FINAL_STRATEGY_V02,256750,KODEX 차이나심천ChiNext(합성),KR7256750001,2020-01-10,2020-01-13,8205.0,2020-11-30,2020-12-01,2020-12-01,11165.0,11165.0,36.07556368068252,35.76294943748872,0.00015,0.001,0.0,REALIZED,EXIT4_SCORE_DRAWDOWN_GE_15,221,2019-11-01,2026-08-31,KRX_RAW_ETF_OHLCV,ETF_PIT_LISTED_2Y_CLOSE_1000_VOL20_10000_V01,MARKET_INDEX,A,2019-11-01,"""{\""canonical_entry_stage\"": \""TRANSITION\"", \""canonical_exit_type\"": \""EXIT4_SCORE_DRAWDOWN_GE_15\"", \""canonical_trade_id\"": \""256750_01\"", \""julia_support_fill_adapter\"": false}""",
PATTERN_A_FAST_FINAL_STRATEGY_V02,261060,TIGER 코스닥150IT,KR7261060008,2020-01-10,2020-01-13,12985.0,2020-03-12,2020-03-13,2020-03-13,9770.0,9770.0,-24.759337697343085,-24.932192411789387,0.00015,0.001,0.0,REALIZED,LOSS_GUARD_CLOSE_LE_NEG_15,43,2019-11-29,2026-08-31,KRX_RAW_ETF_OHLCV,ETF_PIT_LISTED_2Y_CLOSE_1000_VOL20_10000_V01,SECTOR_INDUSTRY,B,2019-12-30,"""{\""canonical_entry_stage\"": \""TRANSITION\"", \""canonical_exit_type\"": \""LOSS_GUARD_CLOSE_LE_NEG_15\"", \""canonical_trade_id\"": \""261060_01\"", \""julia_support_fill_adapter\"": false}""",
PATTERN_A_FAST_FINAL_STRATEGY_V02,266360,KODEX K콘텐츠,KR7266360007,2020-02-28,2020-03-02,12115.0,2020-03-19,2020-03-20,2020-03-20,9985.0,9985.0,-17.581510524143628,-17.770855275072794,0.00015,0.001,0.0,REALIZED,LOSS_GUARD_CLOSE_LE_NEG_15,15,2020-02-28,2026-08-31,KRX_RAW_ETF_OHLCV,ETF_PIT_LISTED_2Y_CLOSE_1000_VOL20_10000_V01,SECTOR_INDUSTRY,B,2020-03-31,"""{\""canonical_entry_stage\"": \""TRANSITION\"", \""canonical_exit_type\"": \""LOSS_GUARD_CLOSE_LE_NEG_15\"", \""canonical_trade_id\"": \""266360_01\"", \""julia_support_fill_adapter\"": false}""",
PATTERN_A_FAST_FINAL_STRATEGY_V02,266370,KODEX IT,KR7266370006,2020-03-06,2020-03-09,13490.0,2020-03-17,2020-03-18,2020-03-18,11340.0,11340.0,-15.937731653076348,-16.13085275204229,0.00015,0.001,0.0,REALIZED,LOSS_GUARD_CLOSE_LE_NEG_15,8,2020-02-28,2026-08-31,KRX_RAW_ETF_OHLCV,ETF_PIT_LISTED_2Y_CLOSE_1000_VOL20_10000_V01,SECTOR_INDUSTRY,B,2020-03-31,"""{\""canonical_entry_stage\"": \""TRANSITION\"", \""canonical_exit_type\"": \""LOSS_GUARD_CLOSE_LE_NEG_15\"", \""canonical_trade_id\"": \""266370_01\"", \""julia_support_fill_adapter\"": false}""",
PATTERN_A_FAST_FINAL_STRATEGY_V02,203780,TIGER 미국나스닥바이오,KR7203780002,2020-04-24,2020-04-27,18100.0,,,2026-08-31,,35595.0,96.65745856353591,96.43153283604452,0.00015,0.001,0.0,OPEN_AT_CUTOFF,NO_EXIT_BEFORE_CUTOFF,1556,2017-08-04,2026-08-31,KRX_RAW_ETF_OHLCV,ETF_PIT_LISTED_2Y_CLOSE_1000_VOL20_10000_V01,SECTOR_INDUSTRY,A,2017-08-04,"""{\""canonical_entry_stage\"": \""TRANSITION\"", \""canonical_exit_type\"": \""NO_EXIT_BEFORE_CUTOFF\"", \""canonical_trade_id\"": \""203780_01\"", \""julia_support_fill_adapter\"": false}""",
PATTERN_A_FAST_FINAL_STRATEGY_V02,227540,TIGER 200 헬스케어,KR7227540002,2020-05-08,2020-05-11,20930.0,2021-02-28,2021-03-02,2021-03-02,26100.0,26100.0,24.701385570950784,24.414901883350915,0.00015,0.001,0.0,REALIZED,EXIT4_SCORE_DRAWDOWN_GE_15,201,2018-08-31,2026-08-31,KRX_RAW_ETF_OHLCV,ETF_PIT_LISTED_2Y_CLOSE_1000_VOL20_10000_V01,SECTOR_INDUSTRY,A,2018-08-31,"""{\""canonical_entry_stage\"": \""TRANSITION\"", \""canonical_exit_type\"": \""EXIT4_SCORE_DRAWDOWN_GE_15\"", \""canonical_trade_id\"": \""227540_01\"", \""julia_support_fill_adapter\"": false}""",
PATTERN_A_FAST_FINAL_STRATEGY_V02,143860,TIGER 헬스케어,KR7143860005,2020-05-29,2020-06-01,34680.0,2021-02-28,2021-03-02,2021-03-02,44645.0,44645.0,28.73414071510958,28.438392346451046,0.00015,0.001,0.0,REALIZED,EXIT4_SCORE_DRAWDOWN_GE_15,186,2017-01-06,2026-08-31,KRX_RAW_ETF_OHLCV,ETF_PIT_LISTED_2Y_CLOSE_1000_VOL20_10000_V01,SECTOR_INDUSTRY,B,2017-01-31,"""{\""canonical_entry_stage\"": \""TRANSITION\"", \""canonical_exit_type\"": \""EXIT4_SCORE_DRAWDOWN_GE_15\"", \""canonical_trade_id\"": \""143860_02\"", \""julia_support_fill_adapter\"": false}""",
PATTERN_A_FAST_FINAL_STRATEGY_V02,244580,KODEX 바이오,KR7244580007,2020-05-29,2020-06-01,10475.0,2020-11-30,2020-12-01,2020-12-01,15085.0,15085.0,44.00954653937947,43.67870509962084,0.00015,0.001,0.0,REALIZED,EXIT4_SCORE_DRAWDOWN_GE_15,127,2019-05-03,2026-08-31,KRX_RAW_ETF_OHLCV,ETF_PIT_LISTED_2Y_CLOSE_1000_VOL20_10000_V01,SECTOR_INDUSTRY,A,2019-05-03,"""{\""canonical_entry_stage\"": \""TRANSITION\"", \""canonical_exit_type\"": \""EXIT4_SCORE_DRAWDOWN_GE_15\"", \""canonical_trade_id\"": \""244580_01\"", \""julia_support_fill_adapter\"": false}""",
PATTERN_A_FAST_FINAL_STRATEGY_V02,266420,KODEX 헬스케어,KR7266420009,2020-05-29,2020-06-01,15220.0,2021-02-28,2021-03-02,2021-03-02,19595.0,19595.0,28.745072273324567,28.449298790966672,0.00015,0.001,0.0,REALIZED,EXIT4_SCORE_DRAWDOWN_GE_15,186,2020-02-28,2026-08-31,KRX_RAW_ETF_OHLCV,ETF_PIT_LISTED_2Y_CLOSE_1000_VOL20_10000_V01,SECTOR_INDUSTRY,B,2020-03-31,"""{\""canonical_entry_stage\"": \""TRANSITION\"", \""canonical_exit_type\"": \""EXIT4_SCORE_DRAWDOWN_GE_15\"", \""canonical_trade_id\"": \""266420_01\"", \""julia_support_fill_adapter\"": false}""",
PATTERN_A_FAST_FINAL_STRATEGY_V02,139280,TIGER 경기방어,KR7139280002,2020-06-05,2020-06-08,11150.0,2022-01-27,2022-01-28,2022-01-28,9245.0,9245.0,-17.08520179372197,-17.27568674333163,0.00015,0.001,0.0,REALIZED,LOSS_GUARD_CLOSE_LE_NEG_15,410,2017-01-06,2026-08-31,KRX_RAW_ETF_OHLCV,ETF_PIT_LISTED_2Y_CLOSE_1000_VOL20_10000_V01,SECTOR_INDUSTRY,B,2017-01-31,"""{\""canonical_entry_stage\"": \""TRANSITION\"", \""canonical_exit_type\"": \""LOSS_GUARD_CLOSE_LE_NEG_15\"", \""canonical_trade_id\"": \""139280_01\"", \""julia_support_fill_adapter\"": false}""",
PATTERN_A_FAST_FINAL_STRATEGY_V02,139250,TIGER 200 에너지화학,KR7139250005,2020-07-03,2020-07-06,12165.0,2021-03-31,2021-04-01,2021-04-01,20290.0,20290.0,66.78997122893546,66.4067950052426,0.00015,0.001,0.0,REALIZED,EXIT4_SCORE_DRAWDOWN_GE_15,183,2017-01-06,2026-08-31,KRX_RAW_ETF_OHLCV,ETF_PIT_LISTED_2Y_CLOSE_1000_VOL20_10000_V01,SECTOR_INDUSTRY,B,2017-01-31,"""{\""canonical_entry_stage\"": \""TRANSITION\"", \""canonical_exit_type\"": \""EXIT4_SCORE_DRAWDOWN_GE_15\"", \""canonical_trade_id\"": \""139250_02\"", \""julia_support_fill_adapter\"": false}""",
PATTERN_A_FAST_FINAL_STRATEGY_V02,229200,KODEX 코스닥150,KR7229200001,2020-07-03,2020-07-06,11795.0,2026-05-31,2026-06-01,2026-06-01,18725.0,18725.0,58.75370919881306,58.388995143526486,0.00015,0.001,0.0,REALIZED,EXIT4_SCORE_DRAWDOWN_GE_15,1447,2018-09-28,2026-08-31,KRX_RAW_ETF_OHLCV,ETF_PIT_LISTED_2Y_CLOSE_1000_VOL20_10000_V01,MARKET_INDEX,B,2018-10-31,"""{\""canonical_entry_stage\"": \""TRANSITION\"", \""canonical_exit_type\"": \""EXIT4_SCORE_DRAWDOWN_GE_15\"", \""canonical_trade_id\"": \""229200_01\"", \""julia_support_fill_adapter\"": false}""",
PATTERN_A_FAST_FINAL_STRATEGY_V02,232080,TIGER 코스닥150,KR7232080002,2020-07-03,2020-07-06,11880.0,2026-05-31,2026-06-01,2026-06-01,19055.0,19055.0,60.3956228956229,60.027136777271984,0.00015,0.001,0.0,REALIZED,EXIT4_SCORE_DRAWDOWN_GE_15,1447,2018-11-02,2026-08-31,KRX_RAW_ETF_OHLCV,ETF_PIT_LISTED_2Y_CLOSE_1000_VOL20_10000_V01,MARKET_INDEX,A,2018-11-02,"""{\""canonical_entry_stage\"": \""TRANSITION\"", \""canonical_exit_type\"": \""EXIT4_SCORE_DRAWDOWN_GE_15\"", \""canonical_trade_id\"": \""232080_01\"", \""julia_support_fill_adapter\"": false}""",
PATTERN_A_FAST_FINAL_STRATEGY_V02,270810,RISE 코스닥150,KR7270810005,2020-07-03,2020-07-06,11715.0,2026-05-31,2026-06-01,2026-06-01,18590.0,18590.0,58.68544600938967,58.320888779066536,0.00015,0.001,0.0,REALIZED,EXIT4_SCORE_DRAWDOWN_GE_15,1447,2020-05-29,2026-08-31,KRX_RAW_ETF_OHLCV,ETF_PIT_LISTED_2Y_CLOSE_1000_VOL20_10000_V01,MARKET_INDEX,B,2020-06-30,"""{\""canonical_entry_stage\"": \""TRANSITION\"", \""canonical_exit_type\"": \""EXIT4_SCORE_DRAWDOWN_GE_15\"", \""canonical_trade_id\"": \""270810_01\"", \""julia_support_fill_adapter\"": false}""",
PATTERN_A_FAST_FINAL_STRATEGY_V02,117460,KODEX 에너지화학,KR7117460006,2020-07-10,2020-07-13,10985.0,2021-03-31,2021-04-01,2021-04-01,19130.0,19130.0,74.14656349567592,73.74648654813707,0.00015,0.001,0.0,REALIZED,EXIT4_SCORE_DRAWDOWN_GE_15,178,2017-01-06,2026-08-31,KRX_RAW_ETF_OHLCV,ETF_PIT_LISTED_2Y_CLOSE_1000_VOL20_10000_V01,SECTOR_INDUSTRY,B,2017-01-31,"""{\""canonical_entry_stage\"": \""TRANSITION\"", \""canonical_exit_type\"": \""EXIT4_SCORE_DRAWDOWN_GE_15\"", \""canonical_trade_id\"": \""117460_02\"", \""julia_support_fill_adapter\"": false}""",
PATTERN_A_FAST_FINAL_STRATEGY_V02,144600,KODEX 은선물(H),KR7144600004,2020-07-17,2020-07-20,4170.0,2021-08-31,2021-09-01,2021-09-01,4920.0,4920.0,17.985611510791365,17.714556358400092,0.00015,0.001,0.0,REALIZED,EXIT3_PROGRESSED_TO_TRANSITION,279,2017-01-06,2026-08-31,KRX_RAW_ETF_OHLCV,ETF_PIT_LISTED_2Y_CLOSE_1000_VOL20_10000_V01,COMMODITY_RESOURCE,B,2017-01-31,"""{\""canonical_entry_stage\"": \""TRANSITION\"", \""canonical_exit_type\"": \""EXIT3_PROGRESSED_TO_TRANSITION\"", \""canonical_trade_id\"": \""144600_02\"", \""julia_support_fill_adapter\"": false}""",
PATTERN_A_FAST_FINAL_STRATEGY_V02,261070,TIGER 코스닥150바이오테크,KR7261070007,2020-07-31,2020-08-03,13200.0,2024-07-31,2024-08-01,2024-08-01,12675.0,12675.0,-3.9772727272727293,-4.197871278576204,0.00015,0.001,0.0,REALIZED,EXIT4_SCORE_DRAWDOWN_GE_15,986,2019-11-29,2026-08-31,KRX_RAW_ETF_OHLCV,ETF_PIT_LISTED_2Y_CLOSE_1000_VOL20_10000_V01,SECTOR_INDUSTRY,B,2019-12-30,"""{\""canonical_entry_stage\"": \""TRANSITION\"", \""canonical_exit_type\"": \""EXIT4_SCORE_DRAWDOWN_GE_15\"", \""canonical_trade_id\"": \""261070_01\"", \""julia_support_fill_adapter\"": false}""",
PATTERN_A_FAST_FINAL_STRATEGY_V02,091180,KODEX 자동차,KR7091180000,2020-08-14,2020-08-18,15085.0,2021-04-30,2021-05-03,2021-05-03,21635.0,21635.0,43.42061650646338,43.09112804964712,0.00015,0.001,0.0,REALIZED,EXIT4_SCORE_DRAWDOWN_GE_15,175,2017-01-06,2026-08-31,KRX_RAW_ETF_OHLCV,ETF_PIT_LISTED_2Y_CLOSE_1000_VOL20_10000_V01,SECTOR_INDUSTRY,B,2017-01-31,"""{\""canonical_entry_stage\"": \""TRANSITION\"", \""canonical_exit_type\"": \""EXIT4_SCORE_DRAWDOWN_GE_15\"", \""canonical_trade_id\"": \""091180_01\"", \""julia_support_fill_adapter\"": false}""",
PATTERN_A_FAST_FINAL_STRATEGY_V02,102970,KODEX 증권,KR7102970001,2020-08-14,2020-08-18,6360.0,2025-09-30,2025-10-01,2025-10-01,13995.0,13995.0,120.04716981132076,119.54164275270118,0.00015,0.001,0.0,REALIZED,EXIT4_SCORE_DRAWDOWN_GE_15,1259,2017-01-06,2026-08-31,KRX_RAW_ETF_OHLCV,ETF_PIT_LISTED_2Y_CLOSE_1000_VOL20_10000_V01,SECTOR_INDUSTRY,B,2017-01-31,"""{\""canonical_entry_stage\"": \""TRANSITION\"", \""canonical_exit_type\"": \""EXIT4_SCORE_DRAWDOWN_GE_15\"", \""canonical_trade_id\"": \""102970_02\"", \""julia_support_fill_adapter\"": false}""",
PATTERN_A_FAST_FINAL_STRATEGY_V02,157500,TIGER 증권,KR7157500000,2020-08-14,2020-08-18,3745.0,,,2026-08-31,,12470.0,232.97730307076102,232.59476919696914,0.00015,0.001,0.0,OPEN_AT_CUTOFF,NO_EXIT_BEFORE_CUTOFF,1479,2017-01-06,2026-08-31,KRX_RAW_ETF_OHLCV,ETF_PIT_LISTED_2Y_CLOSE_1000_VOL20_10000_V01,SECTOR_INDUSTRY,B,2017-01-31,"""{\""canonical_entry_stage\"": \""TRANSITION\"", \""canonical_exit_type\"": \""NO_EXIT_BEFORE_CUTOFF\"", \""canonical_trade_id\"": \""157500_03\"", \""julia_support_fill_adapter\"": false}""",
PATTERN_A_FAST_FINAL_STRATEGY_V02,105190,ACE 200,KR7105190003,2020-09-04,2020-09-07,31190.0,2021-07-31,2021-08-02,2021-08-02,42725.0,42725.0,36.98300737415838,36.66830840821351,0.00015,0.001,0.0,REALIZED,EXIT4_SCORE_DRAWDOWN_GE_15,224,2017-01-06,2026-08-31,KRX_RAW_ETF_OHLCV,ETF_PIT_LISTED_2Y_CLOSE_1000_VOL20_10000_V01,MARKET_INDEX,B,2017-01-31,"""{\""canonical_entry_stage\"": \""TRANSITION\"", \""canonical_exit_type\"": \""EXIT4_SCORE_DRAWDOWN_GE_15\"", \""canonical_trade_id\"": \""105190_02\"", \""julia_support_fill_adapter\"": false}""",
PATTERN_A_FAST_FINAL_STRATEGY_V02,139260,TIGER 200 IT,KR7139260004,2020-09-04,2020-09-07,25555.0,2021-04-30,2021-05-03,2021-05-03,38500.0,38500.0,50.65544903150068,50.309339576517885,0.00015,0.001,0.0,REALIZED,EXIT4_SCORE_DRAWDOWN_GE_15,161,2017-01-06,2026-08-31,KRX_RAW_ETF_OHLCV,ETF_PIT_LISTED_2Y_CLOSE_1000_VOL20_10000_V01,SECTOR_INDUSTRY,B,2017-01-31,"""{\""canonical_entry_stage\"": \""EARLY_TREND\"", \""canonical_exit_type\"": \""EXIT4_SCORE_DRAWDOWN_GE_15\"", \""canonical_trade_id\"": \""139260_02\"", \""julia_support_fill_adapter\"": false}""",
PATTERN_A_FAST_FINAL_STRATEGY_V02,266370,KODEX IT,KR7266370006,2020-09-04,2020-09-07,14975.0,2021-06-30,2021-07-01,2021-07-01,21135.0,21135.0,41.135225375626035,40.81098727970811,0.00015,0.001,0.0,REALIZED,EXIT4_SCORE_DRAWDOWN_GE_15,202,2020-02-28,2026-08-31,KRX_RAW_ETF_OHLCV,ETF_PIT_LISTED_2Y_CLOSE_1000_VOL20_10000_V01,SECTOR_INDUSTRY,B,2020-03-31,"""{\""canonical_entry_stage\"": \""TRANSITION\"", \""canonical_exit_type\"": \""EXIT4_SCORE_DRAWDOWN_GE_15\"", \""canonical_trade_id\"": \""266370_02\"", \""julia_support_fill_adapter\"": false}""",
PATTERN_A_FAST_FINAL_STRATEGY_V02,277640,TIGER 코스피대형주,KR7277640009,2020-09-04,2020-09-07,11480.0,2021-07-31,2021-08-02,2021-08-02,15715.0,15715.0,36.890243902439025,36.57575804736963,0.00015,0.001,0.0,REALIZED,EXIT4_SCORE_DRAWDOWN_GE_15,224,2020-07-31,2026-08-31,KRX_RAW_ETF_OHLCV,ETF_PIT_LISTED_2Y_CLOSE_1000_VOL20_10000_V01,MARKET_INDEX,A,2020-07-31,"""{\""canonical_entry_stage\"": \""TRANSITION\"", \""canonical_exit_type\"": \""EXIT4_SCORE_DRAWDOWN_GE_15\"", \""canonical_trade_id\"": \""277640_01\"", \""julia_support_fill_adapter\"": false}""",
PATTERN_A_FAST_FINAL_STRATEGY_V02,138920,KODEX 콩선물(H),KR7138920004,2020-09-18,2020-09-21,8700.0,2021-07-31,2021-08-02,2021-08-02,12035.0,12035.0,38.33333333333333,38.015532185656696,0.00015,0.001,0.0,REALIZED,EXIT4_SCORE_DRAWDOWN_GE_15,214,2017-01-06,2026-08-31,KRX_RAW_ETF_OHLCV,ETF_PIT_LISTED_2Y_CLOSE_1000_VOL20_10000_V01,COMMODITY_RESOURCE,B,2017-01-31,"""{\""canonical_entry_stage\"": \""TRANSITION\"", \""canonical_exit_type\"": \""EXIT4_SCORE_DRAWDOWN_GE_15\"", \""canonical_trade_id\"": \""138920_01\"", \""julia_support_fill_adapter\"": false}""",
PATTERN_A_FAST_FINAL_STRATEGY_V02,137610,TIGER 농산물선물Enhanced(H),KR7137610002,2020-10-16,2020-10-19,4665.0,2021-09-30,2021-10-01,2021-10-01,6450.0,6450.0,38.2636655948553,37.946024498893685,0.00015,0.001,0.0,REALIZED,EXIT4_SCORE_DRAWDOWN_GE_15,238,2017-01-06,2026-08-31,KRX_RAW_ETF_OHLCV,ETF_PIT_LISTED_2Y_CLOSE_1000_VOL20_10000_V01,COMMODITY_RESOURCE,B,2017-01-31,"""{\""canonical_entry_stage\"": \""TRANSITION\"", \""canonical_exit_type\"": \""EXIT4_SCORE_DRAWDOWN_GE_15\"", \""canonical_trade_id\"": \""137610_01\"", \""julia_support_fill_adapter\"": false}""",
PATTERN_A_FAST_FINAL_STRATEGY_V02,143850,TIGER 미국S&P500선물(H),KR7143850006,2020-10-16,2020-10-19,40505.0,,,2026-08-31,,77535.0,91.42081224540179,91.20090252735993,0.00015,0.001,0.0,OPEN_AT_CUTOFF,NO_EXIT_BEFORE_CUTOFF,1439,2017-01-06,2026-08-31,KRX_RAW_ETF_OHLCV,ETF_PIT_LISTED_2Y_CLOSE_1000_VOL20_10000_V01,MARKET_INDEX,B,2017-01-31,"""{\""canonical_entry_stage\"": \""TRANSITION\"", \""canonical_exit_type\"": \""NO_EXIT_BEFORE_CUTOFF\"", \""canonical_trade_id\"": \""143850_02\"", \""julia_support_fill_adapter\"": false}""",
PATTERN_A_FAST_FINAL_STRATEGY_V02,219480,KODEX 미국S&P500선물(H),KR7219480001,2020-10-16,2020-10-19,16655.0,,,2026-08-31,,33205.0,99.36955869108375,99.14051722519721,0.00015,0.001,0.0,OPEN_AT_CUTOFF,NO_EXIT_BEFORE_CUTOFF,1439,2018-05-04,2026-08-31,KRX_RAW_ETF_OHLCV,ETF_PIT_LISTED_2Y_CLOSE_1000_VOL20_10000_V01,MARKET_INDEX,A,2018-05-04,"""{\""canonical_entry_stage\"": \""TRANSITION\"", \""canonical_exit_type\"": \""NO_EXIT_BEFORE_CUTOFF\"", \""canonical_trade_id\"": \""219480_02\"", \""julia_support_fill_adapter\"": false}""",
PATTERN_A_FAST_FINAL_STRATEGY_V02,271060,KODEX 3대농산물선물(H),KR7271060006,2020-10-16,2020-10-19,8270.0,2022-05-31,2022-06-02,2022-06-02,14470.0,14470.0,74.96977025392985,74.56780210601114,0.00015,0.001,0.0,REALIZED,EXIT4_SCORE_DRAWDOWN_GE_15,402,2020-05-29,2026-08-31,KRX_RAW_ETF_OHLCV,ETF_PIT_LISTED_2Y_CLOSE_1000_VOL20_10000_V01,COMMODITY_RESOURCE,B,2020-06-30,"""{\""canonical_entry_stage\"": \""TRANSITION\"", \""canonical_exit_type\"": \""EXIT4_SCORE_DRAWDOWN_GE_15\"", \""canonical_trade_id\"": \""271060_01\"", \""julia_support_fill_adapter\"": false}""",
PATTERN_A_FAST_FINAL_STRATEGY_V02,276650,RISE 글로벌테크놀로지(합성 H),KR7276650009,2020-10-16,2020-10-19,18660.0,2021-05-31,2021-06-01,2021-06-01,21595.0,21595.0,15.728831725616299,15.462961203628268,0.00015,0.001,0.0,REALIZED,EXIT4_SCORE_DRAWDOWN_GE_15,154,2020-07-31,2026-08-31,KRX_RAW_ETF_OHLCV,ETF_PIT_LISTED_2Y_CLOSE_1000_VOL20_10000_V01,SECTOR_INDUSTRY,A,2020-07-31,"""{\""canonical_entry_stage\"": \""TRANSITION\"", \""canonical_exit_type\"": \""EXIT4_SCORE_DRAWDOWN_GE_15\"", \""canonical_trade_id\"": \""276650_01\"", \""julia_support_fill_adapter\"": false}""",
PATTERN_A_FAST_FINAL_STRATEGY_V02,069500,KODEX 200,KR7069500007,2020-10-30,2020-11-02,30210.0,2021-07-31,2021-08-02,2021-08-02,42685.0,42685.0,41.294273419397555,40.96966993323257,0.00015,0.001,0.0,REALIZED,EXIT4_SCORE_DRAWDOWN_GE_15,188,2017-01-06,2026-08-31,KRX_RAW_ETF_OHLCV,ETF_PIT_LISTED_2Y_CLOSE_1000_VOL20_10000_V01,MARKET_INDEX,B,2017-01-31,"""{\""canonical_entry_stage\"": \""TRANSITION\"", \""canonical_exit_type\"": \""EXIT4_SCORE_DRAWDOWN_GE_15\"", \""canonical_trade_id\"": \""069500_02\"", \""julia_support_fill_adapter\"": false}""",
PATTERN_A_FAST_FINAL_STRATEGY_V02,069660,KIWOOM 200,KR7069660009,2020-10-30,2020-11-02,30250.0,2021-07-31,2021-08-02,2021-08-02,42680.0,42680.0,41.090909090909086,40.766772805348836,0.00015,0.001,0.0,REALIZED,EXIT4_SCORE_DRAWDOWN_GE_15,188,2017-01-06,2026-08-31,KRX_RAW_ETF_OHLCV,ETF_PIT_LISTED_2Y_CLOSE_1000_VOL20_10000_V01,MARKET_INDEX,B,2017-01-31,"""{\""canonical_entry_stage\"": \""TRANSITION\"", \""canonical_exit_type\"": \""EXIT4_SCORE_DRAWDOWN_GE_15\"", \""canonical_trade_id\"": \""069660_02\"", \""julia_support_fill_adapter\"": false}""",
PATTERN_A_FAST_FINAL_STRATEGY_V02,102110,TIGER 200,KR7102110004,2020-10-30,2020-11-02,30175.0,2021-07-31,2021-08-02,2021-08-02,42600.0,42600.0,41.176470588235304,40.85213773731087,0.00015,0.001,0.0,REALIZED,EXIT4_SCORE_DRAWDOWN_GE_15,188,2017-01-06,2026-08-31,KRX_RAW_ETF_OHLCV,ETF_PIT_LISTED_2Y_CLOSE_1000_VOL20_10000_V01,MARKET_INDEX,B,2017-01-31,"""{\""canonical_entry_stage\"": \""TRANSITION\"", \""canonical_exit_type\"": \""EXIT4_SCORE_DRAWDOWN_GE_15\"", \""canonical_trade_id\"": \""102110_02\"", \""julia_support_fill_adapter\"": false}""",
PATTERN_A_FAST_FINAL_STRATEGY_V02,122090,PLUS 코스피50,KR7122090004,2020-10-30,2020-11-02,21165.0,2022-02-28,2022-03-02,2022-03-02,25545.0,25545.0,20.694542877391918,20.417264340682916,0.00015,0.001,0.0,REALIZED,EXIT3_PROGRESSED_TO_TRANSITION,329,2017-01-06,2026-08-31,KRX_RAW_ETF_OHLCV,ETF_PIT_LISTED_2Y_CLOSE_1000_VOL20_10000_V01,MARKET_INDEX,B,2017-01-31,"""{\""canonical_entry_stage\"": \""TRANSITION\"", \""canonical_exit_type\"": \""EXIT3_PROGRESSED_TO_TRANSITION\"", \""canonical_trade_id\"": \""122090_02\"", \""julia_support_fill_adapter\"": false}""",
PATTERN_A_FAST_FINAL_STRATEGY_V02,148020,RISE 200,KR7148020001,2020-10-30,2020-11-02,30195.0,2021-07-31,2021-08-02,2021-08-02,42605.0,42605.0,41.09951978804438,40.77536372063282,0.00015,0.001,0.0,REALIZED,EXIT4_SCORE_DRAWDOWN_GE_15,188,2017-01-06,2026-08-31,KRX_RAW_ETF_OHLCV,ETF_PIT_LISTED_2Y_CLOSE_1000_VOL20_10000_V01,MARKET_INDEX,B,2017-01-31,"""{\""canonical_entry_stage\"": \""TRANSITION\"", \""canonical_exit_type\"": \""EXIT4_SCORE_DRAWDOWN_GE_15\"", \""canonical_trade_id\"": \""148020_02\"", \""julia_support_fill_adapter\"": false}""",
PATTERN_A_FAST_FINAL_STRATEGY_V02,152100,PLUS 200,KR7152100004,2020-10-30,2020-11-02,30440.0,2021-07-31,2021-08-02,2021-08-02,43110.0,43110.0,41.62286465177398,41.297506274013095,0.00015,0.001,0.0,REALIZED,EXIT4_SCORE_DRAWDOWN_GE_15,188,2017-01-06,2026-08-31,KRX_RAW_ETF_OHLCV,ETF_PIT_LISTED_2Y_CLOSE_1000_VOL20_10000_V01,MARKET_INDEX,B,2017-01-31,"""{\""canonical_entry_stage\"": \""TRANSITION\"", \""canonical_exit_type\"": \""EXIT4_SCORE_DRAWDOWN_GE_15\"", \""canonical_trade_id\"": \""152100_02\"", \""julia_support_fill_adapter\"": false}""",
PATTERN_A_FAST_FINAL_STRATEGY_V02,152870,파워 200,KR7152870002,2020-10-30,2020-11-02,30725.0,2021-07-31,2021-08-02,2021-08-02,43670.0,43670.0,42.13181448331977,41.80528686574749,0.00015,0.001,0.0,REALIZED,EXIT4_SCORE_DRAWDOWN_GE_15,188,2017-01-06,2026-08-31,KRX_RAW_ETF_OHLCV,ETF_PIT_LISTED_2Y_CLOSE_1000_VOL20_10000_V01,MARKET_INDEX,B,2017-01-31,"""{\""canonical_entry_stage\"": \""TRANSITION\"", \""canonical_exit_type\"": \""EXIT4_SCORE_DRAWDOWN_GE_15\"", \""canonical_trade_id\"": \""152870_02\"", \""julia_support_fill_adapter\"": false}""",
PATTERN_A_FAST_FINAL_STRATEGY_V02,226490,KODEX 코스피,KR7226490001,2020-10-30,2020-11-02,22825.0,2021-08-31,2021-09-01,2021-09-01,32115.0,32115.0,40.70098576122672,40.377745269028,0.00015,0.001,0.0,REALIZED,EXIT4_SCORE_DRAWDOWN_GE_15,209,2018-08-03,2026-08-31,KRX_RAW_ETF_OHLCV,ETF_PIT_LISTED_2Y_CLOSE_1000_VOL20_10000_V01,MARKET_INDEX,A,2018-08-03,"""{\""canonical_entry_stage\"": \""TRANSITION\"", \""canonical_exit_type\"": \""EXIT4_SCORE_DRAWDOWN_GE_15\"", \""canonical_trade_id\"": \""226490_02\"", \""julia_support_fill_adapter\"": false}""",
PATTERN_A_FAST_FINAL_STRATEGY_V02,277630,TIGER 코스피,KR7277630000,2020-10-30,2020-11-02,22840.0,2021-08-31,2021-09-01,2021-09-01,32595.0,32595.0,42.710157618213664,42.38230133959065,0.00015,0.001,0.0,REALIZED,EXIT4_SCORE_DRAWDOWN_GE_15,209,2020-07-31,2026-08-31,KRX_RAW_ETF_OHLCV,ETF_PIT_LISTED_2Y_CLOSE_1000_VOL20_10000_V01,MARKET_INDEX,A,2020-07-31,"""{\""canonical_entry_stage\"": \""TRANSITION\"", \""canonical_exit_type\"": \""EXIT4_SCORE_DRAWDOWN_GE_15\"", \""canonical_trade_id\"": \""277630_01\"", \""julia_support_fill_adapter\"": false}""",
PATTERN_A_FAST_FINAL_STRATEGY_V02,278530,KODEX 200TR,KR7278530001,2020-10-30,2020-11-02,9705.0,2022-02-28,2022-03-02,2022-03-02,12035.0,12035.0,24.008243173621846,23.723351882041555,0.00015,0.001,0.0,REALIZED,EXIT3_PROGRESSED_TO_TRANSITION,329,2020-10-30,2026-08-31,KRX_RAW_ETF_OHLCV,ETF_PIT_LISTED_2Y_CLOSE_1000_VOL20_10000_V01,MARKET_INDEX,B,2020-11-30,"""{\""canonical_entry_stage\"": \""TRANSITION\"", \""canonical_exit_type\"": \""EXIT3_PROGRESSED_TO_TRANSITION\"", \""canonical_trade_id\"": \""278530_01\"", \""julia_support_fill_adapter\"": false}""",
PATTERN_A_FAST_FINAL_STRATEGY_V02,278540,KODEX MSCI Korea TR,KR7278540000,2020-10-30,2020-11-02,9680.0,2026-02-28,2026-03-03,2026-03-03,31795.0,31795.0,228.4607438016529,227.70615198468738,0.00015,0.001,0.0,REALIZED,EXIT4_SCORE_DRAWDOWN_GE_15,1306,2020-10-30,2026-08-31,KRX_RAW_ETF_OHLCV,ETF_PIT_LISTED_2Y_CLOSE_1000_VOL20_10000_V01,MARKET_INDEX,B,2020-11-30,"""{\""canonical_entry_stage\"": \""TRANSITION\"", \""canonical_exit_type\"": \""EXIT4_SCORE_DRAWDOWN_GE_15\"", \""canonical_trade_id\"": \""278540_01\"", \""julia_support_fill_adapter\"": false}""",
PATTERN_A_FAST_FINAL_STRATEGY_V02,195980,PLUS 신흥국MSCI(합성 H),KR7195980008,2020-11-06,2020-11-09,11265.0,2022-05-10,2022-05-11,2022-05-11,9610.0,9610.0,-14.691522414558367,-14.887506501906822,0.00015,0.001,0.0,REALIZED,LOSS_GUARD_CLOSE_LE_NEG_15,372,2017-04-28,2026-08-31,KRX_RAW_ETF_OHLCV,ETF_PIT_LISTED_2Y_CLOSE_1000_VOL20_10000_V01,MARKET_INDEX,B,2017-05-31,"""{\""canonical_entry_stage\"": \""TRANSITION\"", \""canonical_exit_type\"": \""LOSS_GUARD_CLOSE_LE_NEG_15\"", \""canonical_trade_id\"": \""195980_03\"", \""julia_support_fill_adapter\"": false}""",
PATTERN_A_FAST_FINAL_STRATEGY_V02,245710,ACE 베트남VN30(합성),KR7245710009,2020-11-06,2020-11-09,12990.0,2021-10-31,2021-11-01,2021-11-01,22900.0,22900.0,76.2894534257121,75.88445349350499,0.00015,0.001,0.0,REALIZED,EXIT4_SCORE_DRAWDOWN_GE_15,242,2019-06-28,2026-08-31,KRX_RAW_ETF_OHLCV,ETF_PIT_LISTED_2Y_CLOSE_1000_VOL20_10000_V01,MARKET_INDEX,B,2019-07-31,"""{\""canonical_entry_stage\"": \""TRANSITION\"", \""canonical_exit_type\"": \""EXIT4_SCORE_DRAWDOWN_GE_15\"", \""canonical_trade_id\"": \""245710_02\"", \""julia_support_fill_adapter\"": false}""",
PATTERN_A_FAST_FINAL_STRATEGY_V02,153270,KIWOOM 코스피100,KR7153270004,2020-11-13,2020-11-16,25730.0,2021-05-31,2021-06-01,2021-06-01,32375.0,32375.0,25.825884181888846,25.536817118753174,0.00015,0.001,0.0,REALIZED,EXIT4_SCORE_DRAWDOWN_GE_15,134,2017-01-06,2026-08-31,KRX_RAW_ETF_OHLCV,ETF_PIT_LISTED_2Y_CLOSE_1000_VOL20_10000_V01,MARKET_INDEX,B,2017-01-31,"""{\""canonical_entry_stage\"": \""TRANSITION\"", \""canonical_exit_type\"": \""EXIT4_SCORE_DRAWDOWN_GE_15\"", \""canonical_trade_id\"": \""153270_01\"", \""julia_support_fill_adapter\"": false}""",
PATTERN_A_FAST_FINAL_STRATEGY_V02,200250,KIWOOM 인도Nifty50(합성),KR7200250009,2020-11-20,2020-11-23,13385.0,2021-12-31,2022-01-03,2022-01-03,18660.0,18660.0,39.40978707508405,39.089512928121486,0.00015,0.001,0.0,REALIZED,EXIT4_SCORE_DRAWDOWN_GE_15,276,2017-06-02,2026-08-31,KRX_RAW_ETF_OHLCV,ETF_PIT_LISTED_2Y_CLOSE_1000_VOL20_10000_V01,MARKET_INDEX,A,2017-06-02,"""{\""canonical_entry_stage\"": \""TRANSITION\"", \""canonical_exit_type\"": \""EXIT4_SCORE_DRAWDOWN_GE_15\"", \""canonical_trade_id\"": \""200250_02\"", \""julia_support_fill_adapter\"": false}""",
PATTERN_A_FAST_FINAL_STRATEGY_V02,227830,PLUS 코스피,KR7227830007,2020-11-20,2020-11-23,25825.0,2021-09-30,2021-10-01,2021-10-01,31200.0,31200.0,20.813165537270084,20.535614481880728,0.00015,0.001,0.0,REALIZED,EXIT4_SCORE_DRAWDOWN_GE_15,213,2018-08-31,2026-08-31,KRX_RAW_ETF_OHLCV,ETF_PIT_LISTED_2Y_CLOSE_1000_VOL20_10000_V01,MARKET_INDEX,A,2018-08-31,"""{\""canonical_entry_stage\"": \""TRANSITION\"", \""canonical_exit_type\"": \""EXIT4_SCORE_DRAWDOWN_GE_15\"", \""canonical_trade_id\"": \""227830_02\"", \""julia_support_fill_adapter\"": false}""",
PATTERN_A_FAST_FINAL_STRATEGY_V02,280930,KODEX 미국러셀2000(H),KR7280930009,2020-11-27,2020-11-30,12090.0,2021-07-31,2021-08-02,2021-08-02,14520.0,14520.0,20.099255583126553,19.823344634263208,0.00015,0.001,0.0,REALIZED,EXIT4_SCORE_DRAWDOWN_GE_15,168,2020-10-30,2026-08-31,KRX_RAW_ETF_OHLCV,ETF_PIT_LISTED_2Y_CLOSE_1000_VOL20_10000_V01,MARKET_INDEX,B,2020-11-30,"""{\""canonical_entry_stage\"": \""TRANSITION\"", \""canonical_exit_type\"": \""EXIT4_SCORE_DRAWDOWN_GE_15\"", \""canonical_trade_id\"": \""280930_01\"", \""julia_support_fill_adapter\"": false}""",
PATTERN_A_FAST_FINAL_STRATEGY_V02,195930,TIGER 유로스탁스50(합성 H),KR7195930003,2020-12-04,2020-12-07,11925.0,,,2026-08-31,,23855.0,100.04192872117402,99.81211481731687,0.00015,0.001,0.0,OPEN_AT_CUTOFF,NO_PROGRESSED_BEFORE_CUTOFF,1404,2017-03-31,2026-08-31,KRX_RAW_ETF_OHLCV,ETF_PIT_LISTED_2Y_CLOSE_1000_VOL20_10000_V01,MARKET_INDEX,A,2017-03-31,"""{\""canonical_entry_stage\"": \""TRANSITION\"", \""canonical_exit_type\"": \""NO_PROGRESSED_BEFORE_CUTOFF\"", \""canonical_trade_id\"": \""195930_03\"", \""julia_support_fill_adapter\"": false}""",
PATTERN_A_FAST_FINAL_STRATEGY_V02,117680,KODEX 철강,KR7117680009,2020-12-11,2020-12-14,7290.0,2021-07-31,2021-08-02,2021-08-02,10685.0,10685.0,46.57064471879286,46.23391952042657,0.00015,0.001,0.0,REALIZED,EXIT4_SCORE_DRAWDOWN_GE_15,158,2017-01-06,2026-08-31,KRX_RAW_ETF_OHLCV,ETF_PIT_LISTED_2Y_CLOSE_1000_VOL20_10000_V01,SECTOR_INDUSTRY,B,2017-01-31,"""{\""canonical_entry_stage\"": \""TRANSITION\"", \""canonical_exit_type\"": \""EXIT4_SCORE_DRAWDOWN_GE_15\"", \""canonical_trade_id\"": \""117680_02\"", \""julia_support_fill_adapter\"": false}""",
PATTERN_A_FAST_FINAL_STRATEGY_V02,117700,KODEX 건설,KR7117700005,2020-12-11,2020-12-14,2885.0,2021-08-31,2021-09-01,2021-09-01,3790.0,3790.0,31.369150779896017,31.067348850591237,0.00015,0.001,0.0,REALIZED,EXIT4_SCORE_DRAWDOWN_GE_15,179,2017-01-06,2026-08-31,KRX_RAW_ETF_OHLCV,ETF_PIT_LISTED_2Y_CLOSE_1000_VOL20_10000_V01,SECTOR_INDUSTRY,B,2017-01-31,"""{\""canonical_entry_stage\"": \""TRANSITION\"", \""canonical_exit_type\"": \""EXIT4_SCORE_DRAWDOWN_GE_15\"", \""canonical_trade_id\"": \""117700_02\"", \""julia_support_fill_adapter\"": false}""",
PATTERN_A_FAST_FINAL_STRATEGY_V02,139220,TIGER 200 건설,KR7139220008,2020-12-11,2020-12-14,2440.0,2021-08-31,2021-09-01,2021-09-01,3290.0,3290.0,34.836065573770504,34.526298901089426,0.00015,0.001,0.0,REALIZED,EXIT4_SCORE_DRAWDOWN_GE_15,179,2017-01-06,2026-08-31,KRX_RAW_ETF_OHLCV,ETF_PIT_LISTED_2Y_CLOSE_1000_VOL20_10000_V01,SECTOR_INDUSTRY,B,2017-01-31,"""{\""canonical_entry_stage\"": \""TRANSITION\"", \""canonical_exit_type\"": \""EXIT4_SCORE_DRAWDOWN_GE_15\"", \""canonical_trade_id\"": \""139220_02\"", \""julia_support_fill_adapter\"": false}""",
PATTERN_A_FAST_FINAL_STRATEGY_V02,139240,TIGER 200 철강소재,KR7139240006,2020-12-11,2020-12-14,7455.0,2021-07-31,2021-08-02,2021-08-02,10705.0,10705.0,43.59490274983233,43.26501389517392,0.00015,0.001,0.0,REALIZED,EXIT4_SCORE_DRAWDOWN_GE_15,158,2017-01-06,2026-08-31,KRX_RAW_ETF_OHLCV,ETF_PIT_LISTED_2Y_CLOSE_1000_VOL20_10000_V01,SECTOR_INDUSTRY,B,2017-01-31,"""{\""canonical_entry_stage\"": \""TRANSITION\"", \""canonical_exit_type\"": \""EXIT4_SCORE_DRAWDOWN_GE_15\"", \""canonical_trade_id\"": \""139240_01\"", \""julia_support_fill_adapter\"": false}""",
PATTERN_A_FAST_FINAL_STRATEGY_V02,139230,TIGER 200 중공업,KR7139230007,2021-01-08,2021-01-11,3090.0,2021-09-30,2021-10-01,2021-10-01,3330.0,3330.0,7.7669902912621325,7.5194109669521,0.00015,0.001,0.0,REALIZED,EXIT4_SCORE_DRAWDOWN_GE_15,181,2017-01-06,2026-08-31,KRX_RAW_ETF_OHLCV,ETF_PIT_LISTED_2Y_CLOSE_1000_VOL20_10000_V01,MARKET_INDEX,B,2017-01-31,"""{\""canonical_entry_stage\"": \""TRANSITION\"", \""canonical_exit_type\"": \""EXIT4_SCORE_DRAWDOWN_GE_15\"", \""canonical_trade_id\"": \""139230_02\"", \""julia_support_fill_adapter\"": false}""",
PATTERN_A_FAST_FINAL_STRATEGY_V02,139270,TIGER 200 금융,KR7139270003,2021-01-08,2021-01-11,6655.0,,,2026-08-31,,17080.0,156.64913598797895,156.35429010121905,0.00015,0.001,0.0,OPEN_AT_CUTOFF,NO_EXIT_BEFORE_CUTOFF,1382,2017-01-06,2026-08-31,KRX_RAW_ETF_OHLCV,ETF_PIT_LISTED_2Y_CLOSE_1000_VOL20_10000_V01,SECTOR_INDUSTRY,B,2017-01-31,"""{\""canonical_entry_stage\"": \""TRANSITION\"", \""canonical_exit_type\"": \""NO_EXIT_BEFORE_CUTOFF\"", \""canonical_trade_id\"": \""139270_02\"", \""julia_support_fill_adapter\"": false}""",
PATTERN_A_FAST_FINAL_STRATEGY_V02,266410,KODEX 필수소비재,KR7266410000,2021-01-08,2021-01-11,9760.0,2021-11-26,2021-11-29,2021-11-29,8185.0,8185.0,-16.137295081967217,-16.32995771235435,0.00015,0.001,0.0,REALIZED,LOSS_GUARD_CLOSE_LE_NEG_15,220,2020-02-28,2026-08-31,KRX_RAW_ETF_OHLCV,ETF_PIT_LISTED_2Y_CLOSE_1000_VOL20_10000_V01,SECTOR_INDUSTRY,B,2020-03-31,"""{\""canonical_entry_stage\"": \""TRANSITION\"", \""canonical_exit_type\"": \""LOSS_GUARD_CLOSE_LE_NEG_15\"", \""canonical_trade_id\"": \""266410_01\"", \""julia_support_fill_adapter\"": false}""",
PATTERN_A_FAST_FINAL_STRATEGY_V02,228800,TIGER 여행레저,KR7228800009,2021-01-15,2021-01-18,4720.0,2022-06-22,2022-06-23,2022-06-23,3970.0,3970.0,-15.889830508474578,-16.083061653503606,0.00015,0.001,0.0,REALIZED,LOSS_GUARD_CLOSE_LE_NEG_15,354,2018-09-28,2026-08-31,KRX_RAW_ETF_OHLCV,ETF_PIT_LISTED_2Y_CLOSE_1000_VOL20_10000_V01,SECTOR_INDUSTRY,B,2018-10-31,"""{\""canonical_entry_stage\"": \""TRANSITION\"", \""canonical_exit_type\"": \""LOSS_GUARD_CLOSE_LE_NEG_15\"", \""canonical_trade_id\"": \""228800_02\"", \""julia_support_fill_adapter\"": false}""",
PATTERN_A_FAST_FINAL_STRATEGY_V02,266390,KODEX 경기소비재,KR7266390004,2021-01-15,2021-01-18,11665.0,,,2026-08-31,,15355.0,31.633090441491653,31.481866572653104,0.00015,0.001,0.0,OPEN_AT_CUTOFF,NO_EXIT_BEFORE_CUTOFF,1377,2020-02-28,2026-08-31,KRX_RAW_ETF_OHLCV,ETF_PIT_LISTED_2Y_CLOSE_1000_VOL20_10000_V01,SECTOR_INDUSTRY,B,2020-03-31,"""{\""canonical_entry_stage\"": \""TRANSITION\"", \""canonical_exit_type\"": \""NO_EXIT_BEFORE_CUTOFF\"", \""canonical_trade_id\"": \""266390_01\"", \""julia_support_fill_adapter\"": false}""",
PATTERN_A_FAST_FINAL_STRATEGY_V02,099140,KODEX 차이나H,KR7099140006,2021-01-22,2021-01-25,23335.0,2021-07-26,2021-07-27,2021-07-27,19615.0,19615.0,-15.941718448682241,-16.134830388552636,0.00015,0.001,0.0,REALIZED,LOSS_GUARD_CLOSE_LE_NEG_15,127,2017-01-06,2026-08-31,KRX_RAW_ETF_OHLCV,ETF_PIT_LISTED_2Y_CLOSE_1000_VOL20_10000_V01,MARKET_INDEX,B,2017-01-31,"""{\""canonical_entry_stage\"": \""TRANSITION\"", \""canonical_exit_type\"": \""LOSS_GUARD_CLOSE_LE_NEG_15\"", \""canonical_trade_id\"": \""099140_02\"", \""julia_support_fill_adapter\"": false}""",
PATTERN_A_FAST_FINAL_STRATEGY_V02,228810,TIGER 미디어컨텐츠,KR7228810008,2021-01-22,2021-01-25,7130.0,2021-11-30,2021-12-01,2021-12-01,9850.0,9850.0,38.14866760168303,37.8312906972458,0.00015,0.001,0.0,REALIZED,EXIT4_SCORE_DRAWDOWN_GE_15,212,2018-09-28,2026-08-31,KRX_RAW_ETF_OHLCV,ETF_PIT_LISTED_2Y_CLOSE_1000_VOL20_10000_V01,SECTOR_INDUSTRY,B,2018-10-31,"""{\""canonical_entry_stage\"": \""TRANSITION\"", \""canonical_exit_type\"": \""EXIT4_SCORE_DRAWDOWN_GE_15\"", \""canonical_trade_id\"": \""228810_01\"", \""julia_support_fill_adapter\"": false}""",
PATTERN_A_FAST_FINAL_STRATEGY_V02,108590,TREX 200,KR7108590001,2021-01-29,2021-02-01,41505.0,2021-08-31,2021-09-01,2021-09-01,42585.0,42585.0,2.6020961329960235,2.366382418019408,0.00015,0.001,0.0,REALIZED,EXIT4_SCORE_DRAWDOWN_GE_15,147,2017-01-06,2026-08-31,KRX_RAW_ETF_OHLCV,ETF_PIT_LISTED_2Y_CLOSE_1000_VOL20_10000_V01,MARKET_INDEX,B,2017-01-31,"""{\""canonical_entry_stage\"": \""EARLY_TREND\"", \""canonical_exit_type\"": \""EXIT4_SCORE_DRAWDOWN_GE_15\"", \""canonical_trade_id\"": \""108590_01\"", \""julia_support_fill_adapter\"": false}""",
PATTERN_A_FAST_FINAL_STRATEGY_V02,160580,TIGER 구리실물,KR7160580007,2021-01-29,2021-02-01,8055.0,2022-05-31,2022-06-02,2022-06-02,10730.0,10730.0,33.20918684047176,32.90315769016592,0.00015,0.001,0.0,REALIZED,EXIT3_PROGRESSED_TO_TRANSITION,330,2017-01-06,2026-08-31,KRX_RAW_ETF_OHLCV,ETF_PIT_LISTED_2Y_CLOSE_1000_VOL20_10000_V01,COMMODITY_RESOURCE,B,2017-01-31,"""{\""canonical_entry_stage\"": \""EARLY_TREND\"", \""canonical_exit_type\"": \""EXIT3_PROGRESSED_TO_TRANSITION\"", \""canonical_trade_id\"": \""160580_01\"", \""julia_support_fill_adapter\"": false}""",
PATTERN_A_FAST_FINAL_STRATEGY_V02,261060,TIGER 코스닥150IT,KR7261060008,2021-01-29,2021-02-01,16190.0,2026-04-30,2026-05-04,2026-05-04,29480.0,29480.0,82.08770846201358,81.66938786398677,0.00015,0.001,0.0,REALIZED,EXIT4_SCORE_DRAWDOWN_GE_15,1287,2019-11-29,2026-08-31,KRX_RAW_ETF_OHLCV,ETF_PIT_LISTED_2Y_CLOSE_1000_VOL20_10000_V01,SECTOR_INDUSTRY,B,2019-12-30,"""{\""canonical_entry_stage\"": \""EARLY_TREND\"", \""canonical_exit_type\"": \""EXIT4_SCORE_DRAWDOWN_GE_15\"", \""canonical_trade_id\"": \""261060_02\"", \""julia_support_fill_adapter\"": false}""",
PATTERN_A_FAST_FINAL_STRATEGY_V02,139290,TIGER 200 경기소비재,KR7139290001,2021-02-05,2021-02-08,19965.0,2026-05-31,2026-06-01,2026-06-01,35210.0,35210.0,76.35862759829702,75.95346874827229,0.00015,0.001,0.0,REALIZED,EXIT4_SCORE_DRAWDOWN_GE_15,1300,2017-01-06,2026-08-31,KRX_RAW_ETF_OHLCV,ETF_PIT_LISTED_2Y_CLOSE_1000_VOL20_10000_V01,SECTOR_INDUSTRY,B,2017-01-31,"""{\""canonical_entry_stage\"": \""EARLY_TREND\"", \""canonical_exit_type\"": \""EXIT4_SCORE_DRAWDOWN_GE_15\"", \""canonical_trade_id\"": \""139290_01\"", \""julia_support_fill_adapter\"": false}""",
PATTERN_A_FAST_FINAL_STRATEGY_V02,195920,TIGER 일본TOPIX(합성 H),KR7195920004,2021-02-26,2021-03-02,15465.0,,,2026-08-31,,35775.0,131.32880698351116,131.06304981676442,0.00015,0.001,0.0,OPEN_AT_CUTOFF,NO_EXIT_BEFORE_CUTOFF,1349,2017-03-31,2026-08-31,KRX_RAW_ETF_OHLCV,ETF_PIT_LISTED_2Y_CLOSE_1000_VOL20_10000_V01,MARKET_INDEX,A,2017-03-31,"""{\""canonical_entry_stage\"": \""TRANSITION\"", \""canonical_exit_type\"": \""NO_EXIT_BEFORE_CUTOFF\"", \""canonical_trade_id\"": \""195920_02\"", \""julia_support_fill_adapter\"": false}""",
PATTERN_A_FAST_FINAL_STRATEGY_V02,276990,KODEX 글로벌로봇(합성),KR7276990009,2021-02-26,2021-03-02,17770.0,,,2026-08-31,,25530.0,43.66910523353968,43.50405404577893,0.00015,0.001,0.0,OPEN_AT_CUTOFF,NO_EXIT_BEFORE_CUTOFF,1349,2020-07-31,2026-08-31,KRX_RAW_ETF_OHLCV,ETF_PIT_LISTED_2Y_CLOSE_1000_VOL20_10000_V01,SECTOR_INDUSTRY,A,2020-07-31,"""{\""canonical_entry_stage\"": \""EARLY_TREND\"", \""canonical_exit_type\"": \""NO_EXIT_BEFORE_CUTOFF\"", \""canonical_trade_id\"": \""276990_01\"", \""julia_support_fill_adapter\"": false}""",
PATTERN_A_FAST_FINAL_STRATEGY_V02,283580,KODEX 차이나CSI300,KR7283580009,2021-02-26,2021-03-02,15050.0,,,2026-08-31,,15190.0,0.9302325581395321,0.8142810128326294,0.00015,0.001,0.0,OPEN_AT_CUTOFF,NO_EXIT_BEFORE_CUTOFF,1349,2020-12-04,2026-08-31,KRX_RAW_ETF_OHLCV,ETF_PIT_LISTED_2Y_CLOSE_1000_VOL20_10000_V01,MARKET_INDEX,A,2020-12-04,"""{\""canonical_entry_stage\"": \""EARLY_TREND\"", \""canonical_exit_type\"": \""NO_EXIT_BEFORE_CUTOFF\"", \""canonical_trade_id\"": \""283580_01\"", \""julia_support_fill_adapter\"": false}""",
PATTERN_A_FAST_FINAL_STRATEGY_V02,292050,RISE KRX300,KR7292050002,2021-02-26,2021-03-02,19835.0,2026-02-28,2026-03-03,2026-03-03,43200.0,43200.0,117.79682379631961,117.29646658743191,0.00015,0.001,0.0,REALIZED,EXIT4_SCORE_DRAWDOWN_GE_15,1226,2021-02-26,2026-08-31,KRX_RAW_ETF_OHLCV,ETF_PIT_LISTED_2Y_CLOSE_1000_VOL20_10000_V01,MARKET_INDEX,B,2021-03-31,"""{\""canonical_entry_stage\"": \""EARLY_TREND\"", \""canonical_exit_type\"": \""EXIT4_SCORE_DRAWDOWN_GE_15\"", \""canonical_trade_id\"": \""292050_01\"", \""julia_support_fill_adapter\"": false}""",
PATTERN_A_FAST_FINAL_STRATEGY_V02,292190,KODEX KRX300,KR7292190006,2021-02-26,2021-03-02,19580.0,2026-02-28,2026-03-03,2026-03-03,42240.0,42240.0,115.73033707865167,115.23472732892444,0.00015,0.001,0.0,REALIZED,EXIT4_SCORE_DRAWDOWN_GE_15,1226,2021-02-26,2026-08-31,KRX_RAW_ETF_OHLCV,ETF_PIT_LISTED_2Y_CLOSE_1000_VOL20_10000_V01,MARKET_INDEX,B,2021-03-31,"""{\""canonical_entry_stage\"": \""EARLY_TREND\"", \""canonical_exit_type\"": \""EXIT4_SCORE_DRAWDOWN_GE_15\"", \""canonical_trade_id\"": \""292190_01\"", \""julia_support_fill_adapter\"": false}""",
PATTERN_A_FAST_FINAL_STRATEGY_V02,292500,SOL KRX300,KR7292500006,2021-02-26,2021-03-02,19555.0,2026-02-28,2026-03-03,2026-03-03,42660.0,42660.0,118.15392482740985,117.65274722972082,0.00015,0.001,0.0,REALIZED,EXIT4_SCORE_DRAWDOWN_GE_15,1226,2021-02-26,2026-08-31,KRX_RAW_ETF_OHLCV,ETF_PIT_LISTED_2Y_CLOSE_1000_VOL20_10000_V01,MARKET_INDEX,B,2021-03-31,"""{\""canonical_entry_stage\"": \""EARLY_TREND\"", \""canonical_exit_type\"": \""EXIT4_SCORE_DRAWDOWN_GE_15\"", \""canonical_trade_id\"": \""292500_01\"", \""julia_support_fill_adapter\"": false}""",
PATTERN_A_FAST_FINAL_STRATEGY_V02,218420,KODEX 미국S&P500에너지(합성),KR7218420008,2021-03-12,2021-03-15,6945.0,2022-04-30,2022-05-02,2022-05-02,11305.0,11305.0,62.77897768178546,62.40501614497891,0.00015,0.001,0.0,REALIZED,EXIT4_SCORE_DRAWDOWN_GE_15,282,2018-03-30,2026-08-31,KRX_RAW_ETF_OHLCV,ETF_PIT_LISTED_2Y_CLOSE_1000_VOL20_10000_V01,SECTOR_INDUSTRY,B,2018-04-30,"""{\""canonical_entry_stage\"": \""TRANSITION\"", \""canonical_exit_type\"": \""EXIT4_SCORE_DRAWDOWN_GE_15\"", \""canonical_trade_id\"": \""218420_01\"", \""julia_support_fill_adapter\"": false}""",
PATTERN_A_FAST_FINAL_STRATEGY_V02,091170,KODEX 은행,KR7091170001,2021-03-26,2021-03-29,7080.0,,,2026-08-31,,16365.0,131.14406779661016,130.87852286353865,0.00015,0.001,0.0,OPEN_AT_CUTOFF,NO_EXIT_BEFORE_CUTOFF,1330,2017-01-06,2026-08-31,KRX_RAW_ETF_OHLCV,ETF_PIT_LISTED_2Y_CLOSE_1000_VOL20_10000_V01,SECTOR_INDUSTRY,B,2017-01-31,"""{\""canonical_entry_stage\"": \""TRANSITION\"", \""canonical_exit_type\"": \""NO_EXIT_BEFORE_CUTOFF\"", \""canonical_trade_id\"": \""091170_02\"", \""julia_support_fill_adapter\"": false}""",
PATTERN_A_FAST_FINAL_STRATEGY_V02,091220,TIGER 은행,KR7091220004,2021-03-26,2021-03-29,7375.0,,,2026-08-31,,17070.0,131.45762711864407,131.19172195963222,0.00015,0.001,0.0,OPEN_AT_CUTOFF,NO_EXIT_BEFORE_CUTOFF,1330,2017-01-06,2026-08-31,KRX_RAW_ETF_OHLCV,ETF_PIT_LISTED_2Y_CLOSE_1000_VOL20_10000_V01,SECTOR_INDUSTRY,B,2017-01-31,"""{\""canonical_entry_stage\"": \""TRANSITION\"", \""canonical_exit_type\"": \""NO_EXIT_BEFORE_CUTOFF\"", \""canonical_trade_id\"": \""091220_02\"", \""julia_support_fill_adapter\"": false}""",
PATTERN_A_FAST_FINAL_STRATEGY_V02,269420,KODEX S&P글로벌인프라(합성),KR7269420006,2021-03-26,2021-03-29,11290.0,,,2026-08-31,,21985.0,94.72984942426928,94.50613818943067,0.00015,0.001,0.0,OPEN_AT_CUTOFF,NO_PROGRESSED_BEFORE_CUTOFF,1330,2020-05-08,2026-08-31,KRX_RAW_ETF_OHLCV,ETF_PIT_LISTED_2Y_CLOSE_1000_VOL20_10000_V01,SECTOR_INDUSTRY,B,2020-05-29,"""{\""canonical_entry_stage\"": \""TRANSITION\"", \""canonical_exit_type\"": \""NO_PROGRESSED_BEFORE_CUTOFF\"", \""canonical_trade_id\"": \""269420_01\"", \""julia_support_fill_adapter\"": false}""",
PATTERN_A_FAST_FINAL_STRATEGY_V02,138910,KODEX 구리선물(H),KR7138910005,2021-04-02,2021-04-05,7455.0,2022-04-30,2022-05-02,2022-05-02,8035.0,8035.0,7.7800134138162225,7.532404170735396,0.00015,0.001,0.0,REALIZED,EXIT3_PROGRESSED_TO_TRANSITION,267,2017-01-06,2026-08-31,KRX_RAW_ETF_OHLCV,ETF_PIT_LISTED_2Y_CLOSE_1000_VOL20_10000_V01,COMMODITY_RESOURCE,B,2017-01-31,"""{\""canonical_entry_stage\"": \""EARLY_TREND\"", \""canonical_exit_type\"": \""EXIT3_PROGRESSED_TO_TRANSITION\"", \""canonical_trade_id\"": \""138910_02\"", \""julia_support_fill_adapter\"": false}""",
PATTERN_A_FAST_FINAL_STRATEGY_V02,140700,KODEX 보험,KR7140700006,2021-05-07,2021-05-10,6605.0,2026-06-30,2026-07-01,2026-07-01,19200.0,19200.0,190.68887206661623,190.02105574979976,0.00015,0.001,0.0,REALIZED,EXIT4_SCORE_DRAWDOWN_GE_15,1260,2017-01-06,2026-08-31,KRX_RAW_ETF_OHLCV,ETF_PIT_LISTED_2Y_CLOSE_1000_VOL20_10000_V01,SECTOR_INDUSTRY,B,2017-01-31,"""{\""canonical_entry_stage\"": \""TRANSITION\"", \""canonical_exit_type\"": \""EXIT4_SCORE_DRAWDOWN_GE_15\"", \""canonical_trade_id\"": \""140700_02\"", \""julia_support_fill_adapter\"": false}""",
PATTERN_A_FAST_FINAL_STRATEGY_V02,130680,TIGER 원유선물Enhanced(H),KR7130680002,2021-07-30,2021-08-02,3365.0,2026-08-31,2026-09-01,2026-09-01,7185.0,7185.0,113.52154531946508,113.03100995448033,0.00015,0.001,0.0,REALIZED,EXIT4_SCORE_DRAWDOWN_GE_15,1243,2017-01-06,2026-08-31,KRX_RAW_ETF_OHLCV,ETF_PIT_LISTED_2Y_CLOSE_1000_VOL20_10000_V01,COMMODITY_RESOURCE,B,2017-01-31,"""{\""canonical_entry_stage\"": \""TRANSITION\"", \""canonical_exit_type\"": \""EXIT4_SCORE_DRAWDOWN_GE_15\"", \""canonical_trade_id\"": \""130680_02\"", \""julia_support_fill_adapter\"": false}""",
PATTERN_A_FAST_FINAL_STRATEGY_V02,227540,TIGER 200 헬스케어,KR7227540002,2021-09-03,2021-09-06,28040.0,2021-10-05,2021-10-06,2021-10-06,22780.0,22780.0,-18.758915834522117,-18.945555664302493,0.00015,0.001,0.0,REALIZED,LOSS_GUARD_CLOSE_LE_NEG_15,19,2018-08-31,2026-08-31,KRX_RAW_ETF_OHLCV,ETF_PIT_LISTED_2Y_CLOSE_1000_VOL20_10000_V01,SECTOR_INDUSTRY,A,2018-08-31,"""{\""canonical_entry_stage\"": \""TRANSITION\"", \""canonical_exit_type\"": \""LOSS_GUARD_CLOSE_LE_NEG_15\"", \""canonical_trade_id\"": \""227540_02\"", \""julia_support_fill_adapter\"": false}""",
PATTERN_A_FAST_FINAL_STRATEGY_V02,248270,TIGER S&P글로벌헬스케어(합성),KR7248270001,2021-10-01,2021-10-05,17785.0,,,2026-08-31,,26470.0,48.833286477368574,48.66230253011354,0.00015,0.001,0.0,OPEN_AT_CUTOFF,NO_PROGRESSED_BEFORE_CUTOFF,1201,2019-06-28,2026-08-31,KRX_RAW_ETF_OHLCV,ETF_PIT_LISTED_2Y_CLOSE_1000_VOL20_10000_V01,SECTOR_INDUSTRY,B,2019-07-31,"""{\""canonical_entry_stage\"": \""TRANSITION\"", \""canonical_exit_type\"": \""NO_PROGRESSED_BEFORE_CUTOFF\"", \""canonical_trade_id\"": \""248270_01\"", \""julia_support_fill_adapter\"": false}""",
PATTERN_A_FAST_FINAL_STRATEGY_V02,256440,ACE MSCI인도네시아(합성),KR7256440009,2021-10-08,2021-10-12,9375.0,2025-03-24,2025-03-25,2025-03-25,8025.0,8025.0,-14.400000000000002,-14.596653818610516,0.00015,0.001,0.0,REALIZED,LOSS_GUARD_CLOSE_LE_NEG_15,847,2019-11-01,2026-08-31,KRX_RAW_ETF_OHLCV,ETF_PIT_LISTED_2Y_CLOSE_1000_VOL20_10000_V01,MARKET_INDEX,A,2019-11-01,"""{\""canonical_entry_stage\"": \""TRANSITION\"", \""canonical_exit_type\"": \""LOSS_GUARD_CLOSE_LE_NEG_15\"", \""canonical_trade_id\"": \""256440_01\"", \""julia_support_fill_adapter\"": false}""",
PATTERN_A_FAST_FINAL_STRATEGY_V02,300950,KODEX 게임산업,KR7300950003,2021-10-22,2021-10-25,15280.0,,,2026-08-31,,5550.0,-63.67801047120418,-63.71973821429702,0.00015,0.001,0.0,OPEN_AT_CUTOFF,NO_EXIT_BEFORE_CUTOFF,1188,2021-07-02,2026-08-31,KRX_RAW_ETF_OHLCV,ETF_PIT_LISTED_2Y_CLOSE_1000_VOL20_10000_V01,SECTOR_INDUSTRY,A,2021-07-02,"""{\""canonical_entry_stage\"": \""TRANSITION\"", \""canonical_exit_type\"": \""NO_EXIT_BEFORE_CUTOFF\"", \""canonical_trade_id\"": \""300950_01\"", \""julia_support_fill_adapter\"": false}""",
PATTERN_A_FAST_FINAL_STRATEGY_V02,245340,TIGER 미국다우존스30,KR7245340005,2022-01-28,2022-02-03,21410.0,,,2026-08-31,,35630.0,66.4175618869687,66.22637661989937,0.00015,0.001,0.0,OPEN_AT_CUTOFF,NO_PROGRESSED_BEFORE_CUTOFF,1119,2019-06-28,2026-08-31,KRX_RAW_ETF_OHLCV,ETF_PIT_LISTED_2Y_CLOSE_1000_VOL20_10000_V01,SECTOR_INDUSTRY,B,2019-07-31,"""{\""canonical_entry_stage\"": \""TRANSITION\"", \""canonical_exit_type\"": \""NO_PROGRESSED_BEFORE_CUTOFF\"", \""canonical_trade_id\"": \""245340_01\"", \""julia_support_fill_adapter\"": false}""",
PATTERN_A_FAST_FINAL_STRATEGY_V02,144600,KODEX 은선물(H),KR7144600004,2022-03-11,2022-03-14,5285.0,2022-05-10,2022-05-11,2022-05-11,4315.0,4315.0,-18.353831598864712,-18.54140205203061,0.00015,0.001,0.0,REALIZED,LOSS_GUARD_CLOSE_LE_NEG_15,42,2017-01-06,2026-08-31,KRX_RAW_ETF_OHLCV,ETF_PIT_LISTED_2Y_CLOSE_1000_VOL20_10000_V01,COMMODITY_RESOURCE,B,2017-01-31,"""{\""canonical_entry_stage\"": \""EARLY_TREND\"", \""canonical_exit_type\"": \""LOSS_GUARD_CLOSE_LE_NEG_15\"", \""canonical_trade_id\"": \""144600_03\"", \""julia_support_fill_adapter\"": false}""",
PATTERN_A_FAST_FINAL_STRATEGY_V02,319640,TIGER 골드선물(H),KR7319640009,2022-04-01,2022-04-04,13880.0,2022-09-26,2022-09-27,2022-09-27,11615.0,11615.0,-16.318443804034576,-16.51069027101132,0.00015,0.001,0.0,REALIZED,LOSS_GUARD_CLOSE_LE_NEG_15,121,2022-04-01,2026-08-31,KRX_RAW_ETF_OHLCV,ETF_PIT_LISTED_2Y_CLOSE_1000_VOL20_10000_V01,COMMODITY_RESOURCE,A,2022-04-01,"""{\""canonical_entry_stage\"": \""TRANSITION\"", \""canonical_exit_type\"": \""LOSS_GUARD_CLOSE_LE_NEG_15\"", \""canonical_trade_id\"": \""319640_01\"", \""julia_support_fill_adapter\"": false}""",
PATTERN_A_FAST_FINAL_STRATEGY_V02,284980,RISE 200금융,KR7284980000,2022-04-29,2022-05-02,9010.0,2022-06-30,2022-07-01,2022-07-01,7660.0,7660.0,-14.983351831298553,-15.178665482091102,0.00015,0.001,0.0,REALIZED,LOSS_GUARD_CLOSE_LE_NEG_15,42,2020-12-04,2026-08-31,KRX_RAW_ETF_OHLCV,ETF_PIT_LISTED_2Y_CLOSE_1000_VOL20_10000_V01,SECTOR_INDUSTRY,A,2020-12-04,"""{\""canonical_entry_stage\"": \""TRANSITION\"", \""canonical_exit_type\"": \""LOSS_GUARD_CLOSE_LE_NEG_15\"", \""canonical_trade_id\"": \""284980_01\"", \""julia_support_fill_adapter\"": false}""",
PATTERN_A_FAST_FINAL_STRATEGY_V02,227550,TIGER 200 산업재,KR7227550001,2022-06-03,2022-06-07,6805.0,2022-09-26,2022-09-27,2022-09-27,5680.0,5680.0,-16.53196179279941,-16.723717732581832,0.00015,0.001,0.0,REALIZED,LOSS_GUARD_CLOSE_LE_NEG_15,78,2018-08-31,2026-08-31,KRX_RAW_ETF_OHLCV,ETF_PIT_LISTED_2Y_CLOSE_1000_VOL20_10000_V01,SECTOR_INDUSTRY,A,2018-08-31,"""{\""canonical_entry_stage\"": \""TRANSITION\"", \""canonical_exit_type\"": \""LOSS_GUARD_CLOSE_LE_NEG_15\"", \""canonical_trade_id\"": \""227550_01\"", \""julia_support_fill_adapter\"": false}""",
PATTERN_A_FAST_FINAL_STRATEGY_V02,200250,KIWOOM 인도Nifty50(합성),KR7200250009,2022-08-19,2022-08-22,19750.0,,,2026-08-31,,21280.0,7.74683544303798,7.623052788872875,0.00015,0.001,0.0,OPEN_AT_CUTOFF,NO_PROGRESSED_BEFORE_CUTOFF,983,2017-06-02,2026-08-31,KRX_RAW_ETF_OHLCV,ETF_PIT_LISTED_2Y_CLOSE_1000_VOL20_10000_V01,MARKET_INDEX,A,2017-06-02,"""{\""canonical_entry_stage\"": \""TRANSITION\"", \""canonical_exit_type\"": \""NO_PROGRESSED_BEFORE_CUTOFF\"", \""canonical_trade_id\"": \""200250_03\"", \""julia_support_fill_adapter\"": false}""",
PATTERN_A_FAST_FINAL_STRATEGY_V02,139230,TIGER 200 중공업,KR7139230007,2022-08-26,2022-08-29,3375.0,2022-09-28,2022-09-29,2022-09-29,2805.0,2805.0,-16.888888888888886,-17.07982483946089,0.00015,0.001,0.0,REALIZED,LOSS_GUARD_CLOSE_LE_NEG_15,22,2017-01-06,2026-08-31,KRX_RAW_ETF_OHLCV,ETF_PIT_LISTED_2Y_CLOSE_1000_VOL20_10000_V01,MARKET_INDEX,B,2017-01-31,"""{\""canonical_entry_stage\"": \""TRANSITION\"", \""canonical_exit_type\"": \""LOSS_GUARD_CLOSE_LE_NEG_15\"", \""canonical_trade_id\"": \""139230_03\"", \""julia_support_fill_adapter\"": false}""",
PATTERN_A_FAST_FINAL_STRATEGY_V02,091180,KODEX 자동차,KR7091180000,2022-09-16,2022-09-19,18845.0,2022-10-11,2022-10-12,2022-10-12,15705.0,15705.0,-16.66224462722208,-16.853701260732436,0.00015,0.001,0.0,REALIZED,LOSS_GUARD_CLOSE_LE_NEG_15,16,2017-01-06,2026-08-31,KRX_RAW_ETF_OHLCV,ETF_PIT_LISTED_2Y_CLOSE_1000_VOL20_10000_V01,SECTOR_INDUSTRY,B,2017-01-31,"""{\""canonical_entry_stage\"": \""TRANSITION\"", \""canonical_exit_type\"": \""LOSS_GUARD_CLOSE_LE_NEG_15\"", \""canonical_trade_id\"": \""091180_02\"", \""julia_support_fill_adapter\"": false}""",
PATTERN_A_FAST_FINAL_STRATEGY_V02,305720,KODEX 2차전지산업,KR7305720005,2022-10-28,2022-10-31,21715.0,2022-12-28,2022-12-29,2022-12-29,18080.0,18080.0,-16.739580934837672,-16.93085989918669,0.00015,0.001,0.0,REALIZED,LOSS_GUARD_CLOSE_LE_NEG_15,44,2021-09-03,2026-08-31,KRX_RAW_ETF_OHLCV,ETF_PIT_LISTED_2Y_CLOSE_1000_VOL20_10000_V01,SECTOR_INDUSTRY,A,2021-09-03,"""{\""canonical_entry_stage\"": \""TRANSITION\"", \""canonical_exit_type\"": \""LOSS_GUARD_CLOSE_LE_NEG_15\"", \""canonical_trade_id\"": \""305720_01\"", \""julia_support_fill_adapter\"": false}""",
PATTERN_A_FAST_FINAL_STRATEGY_V02,144600,KODEX 은선물(H),KR7144600004,2022-12-02,2022-12-05,4640.0,2023-03-08,2023-03-09,2023-03-09,3945.0,3945.0,-14.978448275862066,-15.173773191875439,0.00015,0.001,0.0,REALIZED,LOSS_GUARD_CLOSE_LE_NEG_15,65,2017-01-06,2026-08-31,KRX_RAW_ETF_OHLCV,ETF_PIT_LISTED_2Y_CLOSE_1000_VOL20_10000_V01,COMMODITY_RESOURCE,B,2017-01-31,"""{\""canonical_entry_stage\"": \""TRANSITION\"", \""canonical_exit_type\"": \""LOSS_GUARD_CLOSE_LE_NEG_15\"", \""canonical_trade_id\"": \""144600_04\"", \""julia_support_fill_adapter\"": false}""",
PATTERN_A_FAST_FINAL_STRATEGY_V02,195970,PLUS 선진국MSCI(합성 H),KR7195970009,2023-01-13,2023-01-16,10650.0,,,2026-08-31,,16460.0,54.55399061032864,54.37643455412622,0.00015,0.001,0.0,OPEN_AT_CUTOFF,NO_PROGRESSED_BEFORE_CUTOFF,883,2017-04-28,2026-08-31,KRX_RAW_ETF_OHLCV,ETF_PIT_LISTED_2Y_CLOSE_1000_VOL20_10000_V01,MARKET_INDEX,B,2017-05-31,"""{\""canonical_entry_stage\"": \""TRANSITION\"", \""canonical_exit_type\"": \""NO_PROGRESSED_BEFORE_CUTOFF\"", \""canonical_trade_id\"": \""195970_01\"", \""julia_support_fill_adapter\"": false}""",
PATTERN_A_FAST_FINAL_STRATEGY_V02,138910,KODEX 구리선물(H),KR7138910005,2023-01-20,2023-01-25,7665.0,2023-05-24,2023-05-25,2023-05-25,6415.0,6415.0,-16.307893020221787,-16.500163726122885,0.00015,0.001,0.0,REALIZED,LOSS_GUARD_CLOSE_LE_NEG_15,84,2017-01-06,2026-08-31,KRX_RAW_ETF_OHLCV,ETF_PIT_LISTED_2Y_CLOSE_1000_VOL20_10000_V01,COMMODITY_RESOURCE,B,2017-01-31,"""{\""canonical_entry_stage\"": \""TRANSITION\"", \""canonical_exit_type\"": \""LOSS_GUARD_CLOSE_LE_NEG_15\"", \""canonical_trade_id\"": \""138910_03\"", \""julia_support_fill_adapter\"": false}""",
PATTERN_A_FAST_FINAL_STRATEGY_V02,319640,TIGER 골드선물(H),KR7319640009,2023-01-20,2023-01-25,13675.0,2026-01-31,2026-02-02,2026-02-02,28750.0,28750.0,110.23765996343693,109.75466885774124,0.00015,0.001,0.0,REALIZED,EXIT4_SCORE_DRAWDOWN_GE_15,738,2022-04-01,2026-08-31,KRX_RAW_ETF_OHLCV,ETF_PIT_LISTED_2Y_CLOSE_1000_VOL20_10000_V01,COMMODITY_RESOURCE,A,2022-04-01,"""{\""canonical_entry_stage\"": \""TRANSITION\"", \""canonical_exit_type\"": \""EXIT4_SCORE_DRAWDOWN_GE_15\"", \""canonical_trade_id\"": \""319640_02\"", \""julia_support_fill_adapter\"": false}""",
PATTERN_A_FAST_FINAL_STRATEGY_V02,228810,TIGER 미디어컨텐츠,KR7228810008,2023-02-03,2023-02-06,7560.0,2023-09-22,2023-09-25,2023-09-25,6410.0,6410.0,-15.211640211640209,-15.40642940236573,0.00015,0.001,0.0,REALIZED,LOSS_GUARD_CLOSE_LE_NEG_15,160,2018-09-28,2026-08-31,KRX_RAW_ETF_OHLCV,ETF_PIT_LISTED_2Y_CLOSE_1000_VOL20_10000_V01,SECTOR_INDUSTRY,B,2018-10-31,"""{\""canonical_entry_stage\"": \""TRANSITION\"", \""canonical_exit_type\"": \""LOSS_GUARD_CLOSE_LE_NEG_15\"", \""canonical_trade_id\"": \""228810_02\"", \""julia_support_fill_adapter\"": false}""",
PATTERN_A_FAST_FINAL_STRATEGY_V02,305720,KODEX 2차전지산업,KR7305720005,2023-02-03,2023-02-06,21540.0,,,2026-08-31,,15505.0,-28.017641597028785,-28.100336994434638,0.00015,0.001,0.0,OPEN_AT_CUTOFF,NO_EXIT_BEFORE_CUTOFF,870,2021-09-03,2026-08-31,KRX_RAW_ETF_OHLCV,ETF_PIT_LISTED_2Y_CLOSE_1000_VOL20_10000_V01,SECTOR_INDUSTRY,A,2021-09-03,"""{\""canonical_entry_stage\"": \""TRANSITION\"", \""canonical_exit_type\"": \""NO_EXIT_BEFORE_CUTOFF\"", \""canonical_trade_id\"": \""305720_02\"", \""julia_support_fill_adapter\"": false}""",
PATTERN_A_FAST_FINAL_STRATEGY_V02,117680,KODEX 철강,KR7117680009,2023-02-17,2023-02-20,8855.0,2024-08-05,2024-08-06,2024-08-06,7385.0,7385.0,-16.600790513833996,-16.79238832942458,0.00015,0.001,0.0,REALIZED,LOSS_GUARD_CLOSE_LE_NEG_15,360,2017-01-06,2026-08-31,KRX_RAW_ETF_OHLCV,ETF_PIT_LISTED_2Y_CLOSE_1000_VOL20_10000_V01,SECTOR_INDUSTRY,B,2017-01-31,"""{\""canonical_entry_stage\"": \""TRANSITION\"", \""canonical_exit_type\"": \""LOSS_GUARD_CLOSE_LE_NEG_15\"", \""canonical_trade_id\"": \""117680_03\"", \""julia_support_fill_adapter\"": false}""",
PATTERN_A_FAST_FINAL_STRATEGY_V02,228800,TIGER 여행레저,KR7228800009,2023-03-03,2023-03-06,4330.0,2023-07-24,2023-07-25,2023-07-25,3630.0,3630.0,-16.16628175519631,-16.358877792826675,0.00015,0.001,0.0,REALIZED,LOSS_GUARD_CLOSE_LE_NEG_15,98,2018-09-28,2026-08-31,KRX_RAW_ETF_OHLCV,ETF_PIT_LISTED_2Y_CLOSE_1000_VOL20_10000_V01,SECTOR_INDUSTRY,B,2018-10-31,"""{\""canonical_entry_stage\"": \""TRANSITION\"", \""canonical_exit_type\"": \""LOSS_GUARD_CLOSE_LE_NEG_15\"", \""canonical_trade_id\"": \""228800_03\"", \""julia_support_fill_adapter\"": false}""",
PATTERN_A_FAST_FINAL_STRATEGY_V02,305540,TIGER 2차전지테마,KR7305540007,2023-03-03,2023-03-06,24265.0,2023-09-30,2023-10-04,2023-10-04,27915.0,27915.0,15.042241912219257,14.77794873262166,0.00015,0.001,0.0,REALIZED,EXIT4_SCORE_DRAWDOWN_GE_15,144,2021-09-03,2026-08-31,KRX_RAW_ETF_OHLCV,ETF_PIT_LISTED_2Y_CLOSE_1000_VOL20_10000_V01,SECTOR_INDUSTRY,A,2021-09-03,"""{\""canonical_entry_stage\"": \""EARLY_TREND\"", \""canonical_exit_type\"": \""EXIT4_SCORE_DRAWDOWN_GE_15\"", \""canonical_trade_id\"": \""305540_01\"", \""julia_support_fill_adapter\"": false}""",
PATTERN_A_FAST_FINAL_STRATEGY_V02,160580,TIGER 구리실물,KR7160580007,2023-03-17,2023-03-20,10155.0,,,2026-08-31,,16330.0,60.807483998030534,60.622743749307276,0.00015,0.001,0.0,OPEN_AT_CUTOFF,NO_EXIT_BEFORE_CUTOFF,841,2017-01-06,2026-08-31,KRX_RAW_ETF_OHLCV,ETF_PIT_LISTED_2Y_CLOSE_1000_VOL20_10000_V01,COMMODITY_RESOURCE,B,2017-01-31,"""{\""canonical_entry_stage\"": \""TRANSITION\"", \""canonical_exit_type\"": \""NO_EXIT_BEFORE_CUTOFF\"", \""canonical_trade_id\"": \""160580_02\"", \""julia_support_fill_adapter\"": false}""",
PATTERN_A_FAST_FINAL_STRATEGY_V02,133690,TIGER 미국나스닥100,KR7133690008,2023-03-31,2023-04-03,76555.0,2024-10-31,2024-11-01,2024-11-01,122030.0,122030.0,59.4017373130429,59.035534505382174,0.00015,0.001,0.0,REALIZED,EXIT4_SCORE_DRAWDOWN_GE_15,387,2017-01-06,2026-08-31,KRX_RAW_ETF_OHLCV,ETF_PIT_LISTED_2Y_CLOSE_1000_VOL20_10000_V01,MARKET_INDEX,B,2017-01-31,"""{\""canonical_entry_stage\"": \""EARLY_TREND\"", \""canonical_exit_type\"": \""EXIT4_SCORE_DRAWDOWN_GE_15\"", \""canonical_trade_id\"": \""133690_02\"", \""julia_support_fill_adapter\"": false}""",
PATTERN_A_FAST_FINAL_STRATEGY_V02,139220,TIGER 200 건설,KR7139220008,2023-03-31,2023-04-03,3055.0,2024-12-09,2024-12-10,2024-12-10,2480.0,2480.0,-18.821603927986907,-19.008099740793437,0.00015,0.001,0.0,REALIZED,LOSS_GUARD_CLOSE_LE_NEG_15,414,2017-01-06,2026-08-31,KRX_RAW_ETF_OHLCV,ETF_PIT_LISTED_2Y_CLOSE_1000_VOL20_10000_V01,SECTOR_INDUSTRY,B,2017-01-31,"""{\""canonical_entry_stage\"": \""EARLY_TREND\"", \""canonical_exit_type\"": \""LOSS_GUARD_CLOSE_LE_NEG_15\"", \""canonical_trade_id\"": \""139220_03\"", \""julia_support_fill_adapter\"": false}""",
PATTERN_A_FAST_FINAL_STRATEGY_V02,139240,TIGER 200 철강소재,KR7139240006,2023-03-31,2023-04-03,9170.0,2024-07-22,2024-07-23,2024-07-23,7850.0,7850.0,-14.39476553980371,-14.591431383841623,0.00015,0.001,0.0,REALIZED,LOSS_GUARD_CLOSE_LE_NEG_15,321,2017-01-06,2026-08-31,KRX_RAW_ETF_OHLCV,ETF_PIT_LISTED_2Y_CLOSE_1000_VOL20_10000_V01,SECTOR_INDUSTRY,B,2017-01-31,"""{\""canonical_entry_stage\"": \""TRANSITION\"", \""canonical_exit_type\"": \""LOSS_GUARD_CLOSE_LE_NEG_15\"", \""canonical_trade_id\"": \""139240_02\"", \""julia_support_fill_adapter\"": false}""",
PATTERN_A_FAST_FINAL_STRATEGY_V02,304770,HANARO 코스닥150,KR7304770001,2023-03-31,2023-04-03,12720.0,2024-12-09,2024-12-10,2024-12-10,11600.0,11600.0,-8.805031446540879,-9.01453890920566,0.00015,0.001,0.0,REALIZED,LOSS_GUARD_CLOSE_LE_NEG_15,414,2021-07-30,2026-08-31,KRX_RAW_ETF_OHLCV,ETF_PIT_LISTED_2Y_CLOSE_1000_VOL20_10000_V01,MARKET_INDEX,B,2021-08-31,"""{\""canonical_entry_stage\"": \""TRANSITION\"", \""canonical_exit_type\"": \""LOSS_GUARD_CLOSE_LE_NEG_15\"", \""canonical_trade_id\"": \""304770_01\"", \""julia_support_fill_adapter\"": false}""",
PATTERN_A_FAST_FINAL_STRATEGY_V02,304940,KODEX 미국나스닥100선물(H),KR7304940000,2023-03-31,2023-04-03,16170.0,2024-09-30,2024-10-02,2024-10-02,23100.0,23100.0,42.85714285714286,42.52894890085028,0.00015,0.001,0.0,REALIZED,EXIT4_SCORE_DRAWDOWN_GE_15,367,2021-07-30,2026-08-31,KRX_RAW_ETF_OHLCV,ETF_PIT_LISTED_2Y_CLOSE_1000_VOL20_10000_V01,MARKET_INDEX,B,2021-08-31,"""{\""canonical_entry_stage\"": \""TRANSITION\"", \""canonical_exit_type\"": \""EXIT4_SCORE_DRAWDOWN_GE_15\"", \""canonical_trade_id\"": \""304940_01\"", \""julia_support_fill_adapter\"": false}""",
PATTERN_A_FAST_FINAL_STRATEGY_V02,314250,KODEX 미국빅테크10(H),KR7314250002,2023-03-31,2023-04-03,23130.0,2024-04-30,2024-05-02,2024-05-02,35510.0,35510.0,53.523562472978824,53.17086393551382,0.00015,0.001,0.0,REALIZED,EXIT4_SCORE_DRAWDOWN_GE_15,266,2022-01-07,2026-08-31,KRX_RAW_ETF_OHLCV,ETF_PIT_LISTED_2Y_CLOSE_1000_VOL20_10000_V01,SECTOR_INDUSTRY,B,2022-01-28,"""{\""canonical_entry_stage\"": \""TRANSITION\"", \""canonical_exit_type\"": \""EXIT4_SCORE_DRAWDOWN_GE_15\"", \""canonical_trade_id\"": \""314250_01\"", \""julia_support_fill_adapter\"": false}""",
PATTERN_A_FAST_FINAL_STRATEGY_V02,117460,KODEX 에너지화학,KR7117460006,2023-04-28,2023-05-02,18230.0,2023-10-10,2023-10-11,2023-10-11,15700.0,15700.0,-13.878222709818978,-14.076075237501684,0.00015,0.001,0.0,REALIZED,LOSS_GUARD_CLOSE_LE_NEG_15,108,2017-01-06,2026-08-31,KRX_RAW_ETF_OHLCV,ETF_PIT_LISTED_2Y_CLOSE_1000_VOL20_10000_V01,SECTOR_INDUSTRY,B,2017-01-31,"""{\""canonical_entry_stage\"": \""TRANSITION\"", \""canonical_exit_type\"": \""LOSS_GUARD_CLOSE_LE_NEG_15\"", \""canonical_trade_id\"": \""117460_03\"", \""julia_support_fill_adapter\"": false}""",
PATTERN_A_FAST_FINAL_STRATEGY_V02,354350,HANARO 글로벌럭셔리S&P(합성),KR7354350001,2023-04-28,2023-05-02,19820.0,2023-10-23,2023-10-24,2023-10-24,16805.0,16805.0,-15.211907164480321,-15.406695741919663,0.00015,0.001,0.0,REALIZED,LOSS_GUARD_CLOSE_LE_NEG_15,117,2023-04-28,2026-08-31,KRX_RAW_ETF_OHLCV,ETF_PIT_LISTED_2Y_CLOSE_1000_VOL20_10000_V01,SECTOR_INDUSTRY,B,2023-05-31,"""{\""canonical_entry_stage\"": \""EARLY_TREND\"", \""canonical_exit_type\"": \""LOSS_GUARD_CLOSE_LE_NEG_15\"", \""canonical_trade_id\"": \""354350_01\"", \""julia_support_fill_adapter\"": false}""",
PATTERN_A_FAST_FINAL_STRATEGY_V02,144600,KODEX 은선물(H),KR7144600004,2023-05-19,2023-05-22,4650.0,2026-01-31,2026-02-02,2026-02-02,13795.0,13795.0,196.66666666666669,195.98511721743233,0.00015,0.001,0.0,REALIZED,EXIT4_SCORE_DRAWDOWN_GE_15,658,2017-01-06,2026-08-31,KRX_RAW_ETF_OHLCV,ETF_PIT_LISTED_2Y_CLOSE_1000_VOL20_10000_V01,COMMODITY_RESOURCE,B,2017-01-31,"""{\""canonical_entry_stage\"": \""TRANSITION\"", \""canonical_exit_type\"": \""EXIT4_SCORE_DRAWDOWN_GE_15\"", \""canonical_trade_id\"": \""144600_05\"", \""julia_support_fill_adapter\"": false}""",
PATTERN_A_FAST_FINAL_STRATEGY_V02,241180,TIGER 일본니케이225,KR7241180009,2023-05-19,2023-05-22,17755.0,2026-08-31,2026-09-01,2026-09-01,33995.0,33995.0,91.46719234018586,91.0273237127053,0.00015,0.001,0.0,REALIZED,EXIT4_SCORE_DRAWDOWN_GE_15,799,2019-03-08,2026-08-31,KRX_RAW_ETF_OHLCV,ETF_PIT_LISTED_2Y_CLOSE_1000_VOL20_10000_V01,MARKET_INDEX,A,2019-03-08,"""{\""canonical_entry_stage\"": \""TRANSITION\"", \""canonical_exit_type\"": \""EXIT4_SCORE_DRAWDOWN_GE_15\"", \""canonical_trade_id\"": \""241180_01\"", \""julia_support_fill_adapter\"": false}""",
PATTERN_A_FAST_FINAL_STRATEGY_V02,091160,KODEX 반도체,KR7091160002,2023-06-02,2023-06-05,30585.0,2024-10-31,2024-11-01,2024-11-01,32025.0,32025.0,4.708190289357539,4.467638122766404,0.00015,0.001,0.0,REALIZED,EXIT3_PROGRESSED_TO_TRANSITION,345,2017-01-06,2026-08-31,KRX_RAW_ETF_OHLCV,ETF_PIT_LISTED_2Y_CLOSE_1000_VOL20_10000_V01,SECTOR_INDUSTRY,B,2017-01-31,"""{\""canonical_entry_stage\"": \""TRANSITION\"", \""canonical_exit_type\"": \""EXIT3_PROGRESSED_TO_TRANSITION\"", \""canonical_trade_id\"": \""091160_02\"", \""julia_support_fill_adapter\"": false}""",
PATTERN_A_FAST_FINAL_STRATEGY_V02,091230,TIGER 반도체,KR7091230003,2023-06-02,2023-06-05,31835.0,2024-10-31,2024-11-01,2024-11-01,33100.0,33100.0,3.973613946913779,3.734749364934853,0.00015,0.001,0.0,REALIZED,EXIT3_PROGRESSED_TO_TRANSITION,345,2017-01-06,2026-08-31,KRX_RAW_ETF_OHLCV,ETF_PIT_LISTED_2Y_CLOSE_1000_VOL20_10000_V01,SECTOR_INDUSTRY,B,2017-01-31,"""{\""canonical_entry_stage\"": \""TRANSITION\"", \""canonical_exit_type\"": \""EXIT3_PROGRESSED_TO_TRANSITION\"", \""canonical_trade_id\"": \""091230_02\"", \""julia_support_fill_adapter\"": false}""",
PATTERN_A_FAST_FINAL_STRATEGY_V02,117700,KODEX 건설,KR7117700005,2023-06-02,2023-06-05,3575.0,2024-08-05,2024-08-06,2024-08-06,3085.0,3085.0,-13.706293706293703,-13.904541216395483,0.00015,0.001,0.0,REALIZED,LOSS_GUARD_CLOSE_LE_NEG_15,289,2017-01-06,2026-08-31,KRX_RAW_ETF_OHLCV,ETF_PIT_LISTED_2Y_CLOSE_1000_VOL20_10000_V01,SECTOR_INDUSTRY,B,2017-01-31,"""{\""canonical_entry_stage\"": \""TRANSITION\"", \""canonical_exit_type\"": \""LOSS_GUARD_CLOSE_LE_NEG_15\"", \""canonical_trade_id\"": \""117700_03\"", \""julia_support_fill_adapter\"": false}""",
PATTERN_A_FAST_FINAL_STRATEGY_V02,139230,TIGER 200 중공업,KR7139230007,2023-06-02,2023-06-05,3455.0,2023-10-31,2023-11-01,2023-11-01,2925.0,2925.0,-15.340086830680178,-15.53458093357717,0.00015,0.001,0.0,REALIZED,LOSS_GUARD_CLOSE_LE_NEG_15,101,2017-01-06,2026-08-31,KRX_RAW_ETF_OHLCV,ETF_PIT_LISTED_2Y_CLOSE_1000_VOL20_10000_V01,MARKET_INDEX,B,2017-01-31,"""{\""canonical_entry_stage\"": \""TRANSITION\"", \""canonical_exit_type\"": \""LOSS_GUARD_CLOSE_LE_NEG_15\"", \""canonical_trade_id\"": \""139230_04\"", \""julia_support_fill_adapter\"": false}""",
PATTERN_A_FAST_FINAL_STRATEGY_V02,101280,KODEX 일본TOPIX100,KR7101280006,2023-06-09,2023-06-12,17680.0,,,2026-08-31,,30580.0,72.96380090497738,72.76509513081268,0.00015,0.001,0.0,OPEN_AT_CUTOFF,NO_PROGRESSED_BEFORE_CUTOFF,785,2017-01-06,2026-08-31,KRX_RAW_ETF_OHLCV,ETF_PIT_LISTED_2Y_CLOSE_1000_VOL20_10000_V01,MARKET_INDEX,B,2017-01-31,"""{\""canonical_entry_stage\"": \""TRANSITION\"", \""canonical_exit_type\"": \""NO_PROGRESSED_BEFORE_CUTOFF\"", \""canonical_trade_id\"": \""101280_01\"", \""julia_support_fill_adapter\"": false}""",
PATTERN_A_FAST_FINAL_STRATEGY_V02,269540,PLUS 미국S&P500(H),KR7269540001,2023-06-09,2023-06-12,17770.0,,,2026-08-31,,30060.0,69.16150815981992,68.96717056859045,0.00015,0.001,0.0,OPEN_AT_CUTOFF,NO_PROGRESSED_BEFORE_CUTOFF,785,2020-05-08,2026-08-31,KRX_RAW_ETF_OHLCV,ETF_PIT_LISTED_2Y_CLOSE_1000_VOL20_10000_V01,MARKET_INDEX,B,2020-05-29,"""{\""canonical_entry_stage\"": \""TRANSITION\"", \""canonical_exit_type\"": \""NO_PROGRESSED_BEFORE_CUTOFF\"", \""canonical_trade_id\"": \""269540_01\"", \""julia_support_fill_adapter\"": false}""",
PATTERN_A_FAST_FINAL_STRATEGY_V02,310970,TIGER MSCI Korea TR,KR7310970009,2023-06-09,2023-06-12,14860.0,2026-02-28,2026-03-03,2026-03-03,40425.0,40425.0,172.03903095558547,171.4140599947382,0.00015,0.001,0.0,REALIZED,EXIT4_SCORE_DRAWDOWN_GE_15,662,2021-10-29,2026-08-31,KRX_RAW_ETF_OHLCV,ETF_PIT_LISTED_2Y_CLOSE_1000_VOL20_10000_V01,MARKET_INDEX,B,2021-11-30,"""{\""canonical_entry_stage\"": \""TRANSITION\"", \""canonical_exit_type\"": \""EXIT4_SCORE_DRAWDOWN_GE_15\"", \""canonical_trade_id\"": \""310970_01\"", \""julia_support_fill_adapter\"": false}""",
PATTERN_A_FAST_FINAL_STRATEGY_V02,139260,TIGER 200 IT,KR7139260004,2023-06-16,2023-06-19,33835.0,2023-10-31,2023-11-01,2023-11-01,28755.0,28755.0,-15.014038717304567,-15.20928186934346,0.00015,0.001,0.0,REALIZED,LOSS_GUARD_CLOSE_LE_NEG_15,92,2017-01-06,2026-08-31,KRX_RAW_ETF_OHLCV,ETF_PIT_LISTED_2Y_CLOSE_1000_VOL20_10000_V01,SECTOR_INDUSTRY,B,2017-01-31,"""{\""canonical_entry_stage\"": \""TRANSITION\"", \""canonical_exit_type\"": \""LOSS_GUARD_CLOSE_LE_NEG_15\"", \""canonical_trade_id\"": \""139260_03\"", \""julia_support_fill_adapter\"": false}""",
PATTERN_A_FAST_FINAL_STRATEGY_V02,266370,KODEX IT,KR7266370006,2023-06-16,2023-06-19,19120.0,2023-10-31,2023-11-01,2023-11-01,16115.0,16115.0,-15.716527196652718,-15.910156481378602,0.00015,0.001,0.0,REALIZED,LOSS_GUARD_CLOSE_LE_NEG_15,92,2020-02-28,2026-08-31,KRX_RAW_ETF_OHLCV,ETF_PIT_LISTED_2Y_CLOSE_1000_VOL20_10000_V01,SECTOR_INDUSTRY,B,2020-03-31,"""{\""canonical_entry_stage\"": \""TRANSITION\"", \""canonical_exit_type\"": \""LOSS_GUARD_CLOSE_LE_NEG_15\"", \""canonical_trade_id\"": \""266370_03\"", \""julia_support_fill_adapter\"": false}""",
PATTERN_A_FAST_FINAL_STRATEGY_V02,298770,KODEX 한국대만IT프리미어,KR7298770009,2023-06-16,2023-06-19,19340.0,2026-01-31,2026-02-02,2026-02-02,49955.0,49955.0,158.29886246122027,157.7054575821811,0.00015,0.001,0.0,REALIZED,EXIT4_SCORE_DRAWDOWN_GE_15,640,2021-06-04,2026-08-31,KRX_RAW_ETF_OHLCV,ETF_PIT_LISTED_2Y_CLOSE_1000_VOL20_10000_V01,SECTOR_INDUSTRY,A,2021-06-04,"""{\""canonical_entry_stage\"": \""TRANSITION\"", \""canonical_exit_type\"": \""EXIT4_SCORE_DRAWDOWN_GE_15\"", \""canonical_trade_id\"": \""298770_01\"", \""julia_support_fill_adapter\"": false}""",
PATTERN_A_FAST_FINAL_STRATEGY_V02,332500,ACE 200TR,KR7332500008,2023-06-16,2023-06-19,21945.0,2026-01-31,2026-02-02,2026-02-02,50660.0,50660.0,130.8498519024835,130.31950721904542,0.00015,0.001,0.0,REALIZED,EXIT4_SCORE_DRAWDOWN_GE_15,640,2022-07-29,2026-08-31,KRX_RAW_ETF_OHLCV,ETF_PIT_LISTED_2Y_CLOSE_1000_VOL20_10000_V01,MARKET_INDEX,B,2022-08-31,"""{\""canonical_entry_stage\"": \""TRANSITION\"", \""canonical_exit_type\"": \""EXIT4_SCORE_DRAWDOWN_GE_15\"", \""canonical_trade_id\"": \""332500_01\"", \""julia_support_fill_adapter\"": false}""",
PATTERN_A_FAST_FINAL_STRATEGY_V02,332930,HANARO 200TR,KR7332930007,2023-06-16,2023-06-19,42615.0,2026-01-31,2026-02-02,2026-02-02,98675.0,98675.0,131.5499237357738,131.01797073692313,0.00015,0.001,0.0,REALIZED,EXIT4_SCORE_DRAWDOWN_GE_15,640,2022-07-29,2026-08-31,KRX_RAW_ETF_OHLCV,ETF_PIT_LISTED_2Y_CLOSE_1000_VOL20_10000_V01,MARKET_INDEX,B,2022-08-31,"""{\""canonical_entry_stage\"": \""TRANSITION\"", \""canonical_exit_type\"": \""EXIT4_SCORE_DRAWDOWN_GE_15\"", \""canonical_trade_id\"": \""332930_01\"", \""julia_support_fill_adapter\"": false}""",
PATTERN_A_FAST_FINAL_STRATEGY_V02,137610,TIGER 농산물선물Enhanced(H),KR7137610002,2023-06-23,2023-06-26,7865.0,2023-12-21,2023-12-22,2023-12-22,6650.0,6650.0,-15.448188175460897,-15.642433930901712,0.00015,0.001,0.0,REALIZED,LOSS_GUARD_CLOSE_LE_NEG_15,124,2017-01-06,2026-08-31,KRX_RAW_ETF_OHLCV,ETF_PIT_LISTED_2Y_CLOSE_1000_VOL20_10000_V01,COMMODITY_RESOURCE,B,2017-01-31,"""{\""canonical_entry_stage\"": \""TRANSITION\"", \""canonical_exit_type\"": \""LOSS_GUARD_CLOSE_LE_NEG_15\"", \""canonical_trade_id\"": \""137610_02\"", \""julia_support_fill_adapter\"": false}""",
PATTERN_A_FAST_FINAL_STRATEGY_V02,251350,KODEX MSCI선진국,KR7251350005,2023-06-23,2023-06-26,21930.0,,,2026-08-31,,38805.0,76.94938440492476,76.7460998781499,0.00015,0.001,0.0,OPEN_AT_CUTOFF,NO_PROGRESSED_BEFORE_CUTOFF,775,2019-08-02,2026-08-31,KRX_RAW_ETF_OHLCV,ETF_PIT_LISTED_2Y_CLOSE_1000_VOL20_10000_V01,MARKET_INDEX,A,2019-08-02,"""{\""canonical_entry_stage\"": \""TRANSITION\"", \""canonical_exit_type\"": \""NO_PROGRESSED_BEFORE_CUTOFF\"", \""canonical_trade_id\"": \""251350_01\"", \""julia_support_fill_adapter\"": false}""",
PATTERN_A_FAST_FINAL_STRATEGY_V02,219390,RISE 미국S&P원유생산기업(합성 H),KR7219390002,2023-08-04,2023-08-07,6530.0,2025-03-07,2025-03-10,2025-03-10,5515.0,5515.0,-15.543644716692196,-15.737671174313572,0.00015,0.001,0.0,REALIZED,LOSS_GUARD_CLOSE_LE_NEG_15,384,2018-06-01,2026-08-31,KRX_RAW_ETF_OHLCV,ETF_PIT_LISTED_2Y_CLOSE_1000_VOL20_10000_V01,SECTOR_INDUSTRY,A,2018-06-01,"""{\""canonical_entry_stage\"": \""EARLY_TREND\"", \""canonical_exit_type\"": \""LOSS_GUARD_CLOSE_LE_NEG_15\"", \""canonical_trade_id\"": \""219390_01\"", \""julia_support_fill_adapter\"": false}""",
PATTERN_A_FAST_FINAL_STRATEGY_V02,316670,KIWOOM 코스닥150,KR7316670009,2023-08-04,2023-08-07,7395.0,2023-10-10,2023-10-11,2023-10-11,6285.0,6285.0,-15.010141987829616,-15.20539409204994,0.00015,0.001,0.0,REALIZED,LOSS_GUARD_CLOSE_LE_NEG_15,42,2022-01-07,2026-08-31,KRX_RAW_ETF_OHLCV,ETF_PIT_LISTED_2Y_CLOSE_1000_VOL20_10000_V01,MARKET_INDEX,B,2022-01-28,"""{\""canonical_entry_stage\"": \""TRANSITION\"", \""canonical_exit_type\"": \""LOSS_GUARD_CLOSE_LE_NEG_15\"", \""canonical_trade_id\"": \""316670_01\"", \""julia_support_fill_adapter\"": false}""",
PATTERN_A_FAST_FINAL_STRATEGY_V02,218420,KODEX 미국S&P500에너지(합성),KR7218420008,2023-09-01,2023-09-04,13975.0,,,2026-08-31,,20165.0,44.29338103756708,44.12761266386176,0.00015,0.001,0.0,OPEN_AT_CUTOFF,NO_EXIT_BEFORE_CUTOFF,726,2018-03-30,2026-08-31,KRX_RAW_ETF_OHLCV,ETF_PIT_LISTED_2Y_CLOSE_1000_VOL20_10000_V01,SECTOR_INDUSTRY,B,2018-04-30,"""{\""canonical_entry_stage\"": \""EARLY_TREND\"", \""canonical_exit_type\"": \""NO_EXIT_BEFORE_CUTOFF\"", \""canonical_trade_id\"": \""218420_02\"", \""julia_support_fill_adapter\"": false}""",
PATTERN_A_FAST_FINAL_STRATEGY_V02,261220,KODEX WTI원유선물(H),KR7261220008,2023-09-08,2023-09-11,15930.0,2023-12-07,2023-12-08,2023-12-08,13200.0,13200.0,-17.13747645951036,-17.32784131551436,0.00015,0.001,0.0,REALIZED,LOSS_GUARD_CLOSE_LE_NEG_15,60,2019-11-29,2026-08-31,KRX_RAW_ETF_OHLCV,ETF_PIT_LISTED_2Y_CLOSE_1000_VOL20_10000_V01,COMMODITY_RESOURCE,B,2019-12-30,"""{\""canonical_entry_stage\"": \""EARLY_TREND\"", \""canonical_exit_type\"": \""LOSS_GUARD_CLOSE_LE_NEG_15\"", \""canonical_trade_id\"": \""261220_02\"", \""julia_support_fill_adapter\"": false}""",
PATTERN_A_FAST_FINAL_STRATEGY_V02,360200,ACE 미국S&P500,KR7360200000,2023-10-06,2023-10-10,14770.0,,,2026-08-31,,26410.0,78.80839539607311,78.60297518416506,0.00015,0.001,0.0,OPEN_AT_CUTOFF,NO_EXIT_BEFORE_CUTOFF,705,2023-08-04,2026-08-31,KRX_RAW_ETF_OHLCV,ETF_PIT_LISTED_2Y_CLOSE_1000_VOL20_10000_V01,MARKET_INDEX,A,2023-08-04,"""{\""canonical_entry_stage\"": \""TRANSITION\"", \""canonical_exit_type\"": \""NO_EXIT_BEFORE_CUTOFF\"", \""canonical_trade_id\"": \""360200_01\"", \""julia_support_fill_adapter\"": false}""",
PATTERN_A_FAST_FINAL_STRATEGY_V02,360750,TIGER 미국S&P500,KR7360750004,2023-10-06,2023-10-10,14610.0,,,2026-08-31,,26130.0,78.8501026694045,78.64463454298492,0.00015,0.001,0.0,OPEN_AT_CUTOFF,NO_EXIT_BEFORE_CUTOFF,705,2023-08-04,2026-08-31,KRX_RAW_ETF_OHLCV,ETF_PIT_LISTED_2Y_CLOSE_1000_VOL20_10000_V01,MARKET_INDEX,A,2023-08-04,"""{\""canonical_entry_stage\"": \""TRANSITION\"", \""canonical_exit_type\"": \""NO_EXIT_BEFORE_CUTOFF\"", \""canonical_trade_id\"": \""360750_01\"", \""julia_support_fill_adapter\"": false}""",
PATTERN_A_FAST_FINAL_STRATEGY_V02,367380,ACE 미국나스닥100,KR7367380003,2023-11-03,2023-11-06,15110.0,2024-10-31,2024-11-01,2024-11-01,20965.0,20965.0,38.749172733289214,38.430416253767575,0.00015,0.001,0.0,REALIZED,EXIT4_SCORE_DRAWDOWN_GE_15,242,2023-10-06,2026-08-31,KRX_RAW_ETF_OHLCV,ETF_PIT_LISTED_2Y_CLOSE_1000_VOL20_10000_V01,MARKET_INDEX,B,2023-10-31,"""{\""canonical_entry_stage\"": \""TRANSITION\"", \""canonical_exit_type\"": \""EXIT4_SCORE_DRAWDOWN_GE_15\"", \""canonical_trade_id\"": \""367380_01\"", \""julia_support_fill_adapter\"": false}""",
PATTERN_A_FAST_FINAL_STRATEGY_V02,368590,RISE 미국나스닥100,KR7368590006,2023-11-03,2023-11-06,14615.0,2024-10-31,2024-11-01,2024-11-01,20300.0,20300.0,38.89839206294903,38.57929277325229,0.00015,0.001,0.0,REALIZED,EXIT4_SCORE_DRAWDOWN_GE_15,242,2023-11-03,2026-08-31,KRX_RAW_ETF_OHLCV,ETF_PIT_LISTED_2Y_CLOSE_1000_VOL20_10000_V01,MARKET_INDEX,A,2023-11-03,"""{\""canonical_entry_stage\"": \""TRANSITION\"", \""canonical_exit_type\"": \""EXIT4_SCORE_DRAWDOWN_GE_15\"", \""canonical_trade_id\"": \""368590_01\"", \""julia_support_fill_adapter\"": false}""",
PATTERN_A_FAST_FINAL_STRATEGY_V02,238720,ACE 일본Nikkei225(H),KR7238720007,2023-11-17,2023-11-20,23155.0,2024-09-30,2024-10-02,2024-10-02,26640.0,26640.0,15.050744979486064,14.786432265301475,0.00015,0.001,0.0,REALIZED,EXIT3_PROGRESSED_TO_TRANSITION,212,2019-03-08,2026-08-31,KRX_RAW_ETF_OHLCV,ETF_PIT_LISTED_2Y_CLOSE_1000_VOL20_10000_V01,MARKET_INDEX,A,2019-03-08,"""{\""canonical_entry_stage\"": \""TRANSITION\"", \""canonical_exit_type\"": \""EXIT3_PROGRESSED_TO_TRANSITION\"", \""canonical_trade_id\"": \""238720_01\"", \""julia_support_fill_adapter\"": false}""",
PATTERN_A_FAST_FINAL_STRATEGY_V02,139280,TIGER 경기방어,KR7139280002,2024-01-05,2024-01-08,9350.0,,,2026-08-31,,13145.0,40.58823529411764,40.42672349808634,0.00015,0.001,0.0,OPEN_AT_CUTOFF,NO_PROGRESSED_BEFORE_CUTOFF,644,2017-01-06,2026-08-31,KRX_RAW_ETF_OHLCV,ETF_PIT_LISTED_2Y_CLOSE_1000_VOL20_10000_V01,SECTOR_INDUSTRY,B,2017-01-31,"""{\""canonical_entry_stage\"": \""TRANSITION\"", \""canonical_exit_type\"": \""NO_PROGRESSED_BEFORE_CUTOFF\"", \""canonical_trade_id\"": \""139280_02\"", \""julia_support_fill_adapter\"": false}""",
PATTERN_A_FAST_FINAL_STRATEGY_V02,253280,RISE 헬스케어,KR7253280002,2024-01-05,2024-01-08,12960.0,,,2026-08-31,,13380.0,3.240740740740744,3.1221348173805286,0.00015,0.001,0.0,OPEN_AT_CUTOFF,NO_PROGRESSED_BEFORE_CUTOFF,644,2019-08-30,2026-08-31,KRX_RAW_ETF_OHLCV,ETF_PIT_LISTED_2Y_CLOSE_1000_VOL20_10000_V01,SECTOR_INDUSTRY,B,2019-09-30,"""{\""canonical_entry_stage\"": \""TRANSITION\"", \""canonical_exit_type\"": \""NO_PROGRESSED_BEFORE_CUTOFF\"", \""canonical_trade_id\"": \""253280_01\"", \""julia_support_fill_adapter\"": false}""",
PATTERN_A_FAST_FINAL_STRATEGY_V02,266420,KODEX 헬스케어,KR7266420009,2024-01-05,2024-01-08,14075.0,2025-03-31,2025-04-01,2025-04-01,16035.0,16035.0,13.925399644760205,13.663672251338799,0.00015,0.001,0.0,REALIZED,EXIT3_PROGRESSED_TO_TRANSITION,299,2020-02-28,2026-08-31,KRX_RAW_ETF_OHLCV,ETF_PIT_LISTED_2Y_CLOSE_1000_VOL20_10000_V01,SECTOR_INDUSTRY,B,2020-03-31,"""{\""canonical_entry_stage\"": \""TRANSITION\"", \""canonical_exit_type\"": \""EXIT3_PROGRESSED_TO_TRANSITION\"", \""canonical_trade_id\"": \""266420_02\"", \""julia_support_fill_adapter\"": false}""",
PATTERN_A_FAST_FINAL_STRATEGY_V02,280930,KODEX 미국러셀2000(H),KR7280930009,2024-01-05,2024-01-08,12150.0,2025-04-09,2025-04-10,2025-04-10,11450.0,11450.0,-5.7613168724279795,-5.977816836188065,0.00015,0.001,0.0,REALIZED,LOSS_GUARD_CLOSE_LE_NEG_15,306,2020-10-30,2026-08-31,KRX_RAW_ETF_OHLCV,ETF_PIT_LISTED_2Y_CLOSE_1000_VOL20_10000_V01,MARKET_INDEX,B,2020-11-30,"""{\""canonical_entry_stage\"": \""TRANSITION\"", \""canonical_exit_type\"": \""LOSS_GUARD_CLOSE_LE_NEG_15\"", \""canonical_trade_id\"": \""280930_02\"", \""julia_support_fill_adapter\"": false}""",
PATTERN_A_FAST_FINAL_STRATEGY_V02,091180,KODEX 자동차,KR7091180000,2024-02-02,2024-02-05,21235.0,2024-08-05,2024-08-06,2024-08-06,18280.0,18280.0,-13.915705203673179,-14.113471620660235,0.00015,0.001,0.0,REALIZED,LOSS_GUARD_CLOSE_LE_NEG_15,124,2017-01-06,2026-08-31,KRX_RAW_ETF_OHLCV,ETF_PIT_LISTED_2Y_CLOSE_1000_VOL20_10000_V01,SECTOR_INDUSTRY,B,2017-01-31,"""{\""canonical_entry_stage\"": \""TRANSITION\"", \""canonical_exit_type\"": \""LOSS_GUARD_CLOSE_LE_NEG_15\"", \""canonical_trade_id\"": \""091180_03\"", \""julia_support_fill_adapter\"": false}""",
PATTERN_A_FAST_FINAL_STRATEGY_V02,185680,KODEX 미국S&P바이오(합성),KR7185680006,2024-02-02,2024-02-05,25500.0,,,2026-08-31,,47430.0,86.00000000000001,85.78631786650584,0.00015,0.001,0.0,OPEN_AT_CUTOFF,NO_EXIT_BEFORE_CUTOFF,624,2017-01-06,2026-08-31,KRX_RAW_ETF_OHLCV,ETF_PIT_LISTED_2Y_CLOSE_1000_VOL20_10000_V01,SECTOR_INDUSTRY,B,2017-01-31,"""{\""canonical_entry_stage\"": \""TRANSITION\"", \""canonical_exit_type\"": \""NO_EXIT_BEFORE_CUTOFF\"", \""canonical_trade_id\"": \""185680_01\"", \""julia_support_fill_adapter\"": false}""",
PATTERN_A_FAST_FINAL_STRATEGY_V02,364970,TIGER 바이오TOP10,KR7364970004,2024-02-02,2024-02-05,6460.0,,,2026-08-31,,7530.0,16.563467492260052,16.429556038382522,0.00015,0.001,0.0,OPEN_AT_CUTOFF,NO_PROGRESSED_BEFORE_CUTOFF,624,2023-10-06,2026-08-31,KRX_RAW_ETF_OHLCV,ETF_PIT_LISTED_2Y_CLOSE_1000_VOL20_10000_V01,SECTOR_INDUSTRY,B,2023-10-31,"""{\""canonical_entry_stage\"": \""TRANSITION\"", \""canonical_exit_type\"": \""NO_PROGRESSED_BEFORE_CUTOFF\"", \""canonical_trade_id\"": \""364970_01\"", \""julia_support_fill_adapter\"": false}""",
PATTERN_A_FAST_FINAL_STRATEGY_V02,284980,RISE 200금융,KR7284980000,2024-02-16,2024-02-19,10415.0,,,2026-08-31,,22835.0,119.25108017282766,118.99919824496621,0.00015,0.001,0.0,OPEN_AT_CUTOFF,NO_EXIT_BEFORE_CUTOFF,616,2020-12-04,2026-08-31,KRX_RAW_ETF_OHLCV,ETF_PIT_LISTED_2Y_CLOSE_1000_VOL20_10000_V01,SECTOR_INDUSTRY,A,2020-12-04,"""{\""canonical_entry_stage\"": \""TRANSITION\"", \""canonical_exit_type\"": \""NO_EXIT_BEFORE_CUTOFF\"", \""canonical_trade_id\"": \""284980_02\"", \""julia_support_fill_adapter\"": false}""",
PATTERN_A_FAST_FINAL_STRATEGY_V02,143860,TIGER 헬스케어,KR7143860005,2024-02-23,2024-02-26,32075.0,2025-03-31,2025-04-01,2025-04-01,35800.0,35800.0,11.613406079501164,11.356990162285507,0.00015,0.001,0.0,REALIZED,EXIT3_PROGRESSED_TO_TRANSITION,266,2017-01-06,2026-08-31,KRX_RAW_ETF_OHLCV,ETF_PIT_LISTED_2Y_CLOSE_1000_VOL20_10000_V01,SECTOR_INDUSTRY,B,2017-01-31,"""{\""canonical_entry_stage\"": \""TRANSITION\"", \""canonical_exit_type\"": \""EXIT3_PROGRESSED_TO_TRANSITION\"", \""canonical_trade_id\"": \""143860_03\"", \""julia_support_fill_adapter\"": false}""",
PATTERN_A_FAST_FINAL_STRATEGY_V02,354350,HANARO 글로벌럭셔리S&P(합성),KR7354350001,2024-02-23,2024-02-26,19600.0,,,2026-08-31,,19565.0,-0.17857142857142794,-0.2932491480637789,0.00015,0.001,0.0,OPEN_AT_CUTOFF,NO_PROGRESSED_BEFORE_CUTOFF,611,2023-04-28,2026-08-31,KRX_RAW_ETF_OHLCV,ETF_PIT_LISTED_2Y_CLOSE_1000_VOL20_10000_V01,SECTOR_INDUSTRY,B,2023-05-31,"""{\""canonical_entry_stage\"": \""TRANSITION\"", \""canonical_exit_type\"": \""NO_PROGRESSED_BEFORE_CUTOFF\"", \""canonical_trade_id\"": \""354350_02\"", \""julia_support_fill_adapter\"": false}""",
PATTERN_A_FAST_FINAL_STRATEGY_V02,139230,TIGER 200 중공업,KR7139230007,2024-03-22,2024-03-25,3980.0,2024-11-30,2024-12-02,2024-12-02,5380.0,5380.0,35.175879396984925,34.86533205040252,0.00015,0.001,0.0,REALIZED,EXIT4_SCORE_DRAWDOWN_GE_15,169,2017-01-06,2026-08-31,KRX_RAW_ETF_OHLCV,ETF_PIT_LISTED_2Y_CLOSE_1000_VOL20_10000_V01,MARKET_INDEX,B,2017-01-31,"""{\""canonical_entry_stage\"": \""TRANSITION\"", \""canonical_exit_type\"": \""EXIT4_SCORE_DRAWDOWN_GE_15\"", \""canonical_trade_id\"": \""139230_05\"", \""julia_support_fill_adapter\"": false}""",
PATTERN_A_FAST_FINAL_STRATEGY_V02,245710,ACE 베트남VN30(합성),KR7245710009,2024-03-29,2024-04-01,20080.0,2026-04-30,2026-05-04,2026-05-04,31640.0,31640.0,57.569721115537845,57.20772710438402,0.00015,0.001,0.0,REALIZED,EXIT4_SCORE_DRAWDOWN_GE_15,507,2019-06-28,2026-08-31,KRX_RAW_ETF_OHLCV,ETF_PIT_LISTED_2Y_CLOSE_1000_VOL20_10000_V01,MARKET_INDEX,B,2019-07-31,"""{\""canonical_entry_stage\"": \""TRANSITION\"", \""canonical_exit_type\"": \""EXIT4_SCORE_DRAWDOWN_GE_15\"", \""canonical_trade_id\"": \""245710_03\"", \""julia_support_fill_adapter\"": false}""",
PATTERN_A_FAST_FINAL_STRATEGY_V02,138910,KODEX 구리선물(H),KR7138910005,2024-04-19,2024-04-22,7680.0,,,2026-08-31,,10045.0,30.794270833333325,30.64401062451354,0.00015,0.001,0.0,OPEN_AT_CUTOFF,NO_PROGRESSED_BEFORE_CUTOFF,573,2017-01-06,2026-08-31,KRX_RAW_ETF_OHLCV,ETF_PIT_LISTED_2Y_CLOSE_1000_VOL20_10000_V01,COMMODITY_RESOURCE,B,2017-01-31,"""{\""canonical_entry_stage\"": \""TRANSITION\"", \""canonical_exit_type\"": \""NO_PROGRESSED_BEFORE_CUTOFF\"", \""canonical_trade_id\"": \""138910_04\"", \""julia_support_fill_adapter\"": false}""",
PATTERN_A_FAST_FINAL_STRATEGY_V02,301400,PLUS 코스닥150,KR7301400008,2024-04-26,2024-04-29,14455.0,2024-08-05,2024-08-06,2024-08-06,12130.0,12130.0,-16.084399861639575,-16.277184011268098,0.00015,0.001,0.0,REALIZED,LOSS_GUARD_CLOSE_LE_NEG_15,68,2021-07-02,2026-08-31,KRX_RAW_ETF_OHLCV,ETF_PIT_LISTED_2Y_CLOSE_1000_VOL20_10000_V01,MARKET_INDEX,A,2021-07-02,"""{\""canonical_entry_stage\"": \""TRANSITION\"", \""canonical_exit_type\"": \""LOSS_GUARD_CLOSE_LE_NEG_15\"", \""canonical_trade_id\"": \""301400_01\"", \""julia_support_fill_adapter\"": false}""",
PATTERN_A_FAST_FINAL_STRATEGY_V02,069500,KODEX 200,KR7069500007,2024-05-03,2024-05-07,37075.0,2025-04-09,2025-04-10,2025-04-10,32740.0,32740.0,-11.692515171948747,-11.895389051660532,0.00015,0.001,0.0,REALIZED,LOSS_GUARD_CLOSE_LE_NEG_15,226,2017-01-06,2026-08-31,KRX_RAW_ETF_OHLCV,ETF_PIT_LISTED_2Y_CLOSE_1000_VOL20_10000_V01,MARKET_INDEX,B,2017-01-31,"""{\""canonical_entry_stage\"": \""TRANSITION\"", \""canonical_exit_type\"": \""LOSS_GUARD_CLOSE_LE_NEG_15\"", \""canonical_trade_id\"": \""069500_03\"", \""julia_support_fill_adapter\"": false}""",
PATTERN_A_FAST_FINAL_STRATEGY_V02,069660,KIWOOM 200,KR7069660009,2024-05-03,2024-05-07,37035.0,2024-12-09,2024-12-10,2024-12-10,31800.0,31800.0,-14.13527744025922,-14.332539421279144,0.00015,0.001,0.0,REALIZED,LOSS_GUARD_CLOSE_LE_NEG_15,147,2017-01-06,2026-08-31,KRX_RAW_ETF_OHLCV,ETF_PIT_LISTED_2Y_CLOSE_1000_VOL20_10000_V01,MARKET_INDEX,B,2017-01-31,"""{\""canonical_entry_stage\"": \""TRANSITION\"", \""canonical_exit_type\"": \""LOSS_GUARD_CLOSE_LE_NEG_15\"", \""canonical_trade_id\"": \""069660_03\"", \""julia_support_fill_adapter\"": false}""",
PATTERN_A_FAST_FINAL_STRATEGY_V02,099140,KODEX 차이나H,KR7099140006,2024-05-03,2024-05-07,16440.0,,,2026-08-31,,21320.0,29.68369829683699,29.53471394559246,0.00015,0.001,0.0,OPEN_AT_CUTOFF,NO_EXIT_BEFORE_CUTOFF,564,2017-01-06,2026-08-31,KRX_RAW_ETF_OHLCV,ETF_PIT_LISTED_2Y_CLOSE_1000_VOL20_10000_V01,MARKET_INDEX,B,2017-01-31,"""{\""canonical_entry_stage\"": \""TRANSITION\"", \""canonical_exit_type\"": \""NO_EXIT_BEFORE_CUTOFF\"", \""canonical_trade_id\"": \""099140_03\"", \""julia_support_fill_adapter\"": false}""",
PATTERN_A_FAST_FINAL_STRATEGY_V02,102110,TIGER 200,KR7102110004,2024-05-03,2024-05-07,37130.0,2025-04-07,2025-04-08,2025-04-08,32130.0,32130.0,-13.4661998384056,-13.66499893000207,0.00015,0.001,0.0,REALIZED,LOSS_GUARD_CLOSE_LE_NEG_15,224,2017-01-06,2026-08-31,KRX_RAW_ETF_OHLCV,ETF_PIT_LISTED_2Y_CLOSE_1000_VOL20_10000_V01,MARKET_INDEX,B,2017-01-31,"""{\""canonical_entry_stage\"": \""TRANSITION\"", \""canonical_exit_type\"": \""LOSS_GUARD_CLOSE_LE_NEG_15\"", \""canonical_trade_id\"": \""102110_03\"", \""julia_support_fill_adapter\"": false}""",
PATTERN_A_FAST_FINAL_STRATEGY_V02,105190,ACE 200,KR7105190003,2024-05-03,2024-05-07,37465.0,2025-04-09,2025-04-10,2025-04-10,33300.0,33300.0,-11.117042573068192,-11.32123851918273,0.00015,0.001,0.0,REALIZED,LOSS_GUARD_CLOSE_LE_NEG_15,226,2017-01-06,2026-08-31,KRX_RAW_ETF_OHLCV,ETF_PIT_LISTED_2Y_CLOSE_1000_VOL20_10000_V01,MARKET_INDEX,B,2017-01-31,"""{\""canonical_entry_stage\"": \""TRANSITION\"", \""canonical_exit_type\"": \""LOSS_GUARD_CLOSE_LE_NEG_15\"", \""canonical_trade_id\"": \""105190_03\"", \""julia_support_fill_adapter\"": false}""",
PATTERN_A_FAST_FINAL_STRATEGY_V02,139260,TIGER 200 IT,KR7139260004,2024-05-03,2024-05-07,34455.0,2024-08-05,2024-08-06,2024-08-06,30325.0,30325.0,-11.986649252648384,-12.188847401166758,0.00015,0.001,0.0,REALIZED,LOSS_GUARD_CLOSE_LE_NEG_15,64,2017-01-06,2026-08-31,KRX_RAW_ETF_OHLCV,ETF_PIT_LISTED_2Y_CLOSE_1000_VOL20_10000_V01,SECTOR_INDUSTRY,B,2017-01-31,"""{\""canonical_entry_stage\"": \""TRANSITION\"", \""canonical_exit_type\"": \""LOSS_GUARD_CLOSE_LE_NEG_15\"", \""canonical_trade_id\"": \""139260_04\"", \""julia_support_fill_adapter\"": false}""",
PATTERN_A_FAST_FINAL_STRATEGY_V02,148020,RISE 200,KR7148020001,2024-05-03,2024-05-07,37340.0,2025-04-08,2025-04-09,2025-04-09,31735.0,31735.0,-15.010712372790568,-15.20596316663263,0.00015,0.001,0.0,REALIZED,LOSS_GUARD_CLOSE_LE_NEG_15,225,2017-01-06,2026-08-31,KRX_RAW_ETF_OHLCV,ETF_PIT_LISTED_2Y_CLOSE_1000_VOL20_10000_V01,MARKET_INDEX,B,2017-01-31,"""{\""canonical_entry_stage\"": \""TRANSITION\"", \""canonical_exit_type\"": \""LOSS_GUARD_CLOSE_LE_NEG_15\"", \""canonical_trade_id\"": \""148020_03\"", \""julia_support_fill_adapter\"": false}""",
PATTERN_A_FAST_FINAL_STRATEGY_V02,152100,PLUS 200,KR7152100004,2024-05-03,2024-05-07,37700.0,2024-12-09,2024-12-10,2024-12-10,32340.0,32340.0,-14.217506631299736,-14.414579702454965,0.00015,0.001,0.0,REALIZED,LOSS_GUARD_CLOSE_LE_NEG_15,147,2017-01-06,2026-08-31,KRX_RAW_ETF_OHLCV,ETF_PIT_LISTED_2Y_CLOSE_1000_VOL20_10000_V01,MARKET_INDEX,B,2017-01-31,"""{\""canonical_entry_stage\"": \""TRANSITION\"", \""canonical_exit_type\"": \""LOSS_GUARD_CLOSE_LE_NEG_15\"", \""canonical_trade_id\"": \""152100_03\"", \""julia_support_fill_adapter\"": false}""",
PATTERN_A_FAST_FINAL_STRATEGY_V02,226490,KODEX 코스피,KR7226490001,2024-05-03,2024-05-07,27580.0,2026-05-31,2026-06-01,2026-06-01,87085.0,87085.0,215.75416968817981,215.0287694170189,0.00015,0.001,0.0,REALIZED,EXIT4_SCORE_DRAWDOWN_GE_15,502,2018-08-03,2026-08-31,KRX_RAW_ETF_OHLCV,ETF_PIT_LISTED_2Y_CLOSE_1000_VOL20_10000_V01,MARKET_INDEX,A,2018-08-03,"""{\""canonical_entry_stage\"": \""TRANSITION\"", \""canonical_exit_type\"": \""EXIT4_SCORE_DRAWDOWN_GE_15\"", \""canonical_trade_id\"": \""226490_03\"", \""julia_support_fill_adapter\"": false}""",
PATTERN_A_FAST_FINAL_STRATEGY_V02,228790,TIGER 화장품,KR7228790002,2024-05-03,2024-05-07,2875.0,2025-12-31,2026-01-02,2026-01-02,3305.0,3305.0,14.956521739130423,14.692425489432036,0.00015,0.001,0.0,REALIZED,EXIT3_PROGRESSED_TO_TRANSITION,403,2018-09-28,2026-08-31,KRX_RAW_ETF_OHLCV,ETF_PIT_LISTED_2Y_CLOSE_1000_VOL20_10000_V01,SECTOR_INDUSTRY,B,2018-10-31,"""{\""canonical_entry_stage\"": \""TRANSITION\"", \""canonical_exit_type\"": \""EXIT3_PROGRESSED_TO_TRANSITION\"", \""canonical_trade_id\"": \""228790_01\"", \""julia_support_fill_adapter\"": false}""",
PATTERN_A_FAST_FINAL_STRATEGY_V02,237350,KODEX 코스피100,KR7237350004,2024-05-03,2024-05-07,28645.0,2025-04-09,2025-04-10,2025-04-10,25835.0,25835.0,-9.80973991970675,-10.016939207630426,0.00015,0.001,0.0,REALIZED,LOSS_GUARD_CLOSE_LE_NEG_15,226,2018-12-28,2026-08-31,KRX_RAW_ETF_OHLCV,ETF_PIT_LISTED_2Y_CLOSE_1000_VOL20_10000_V01,MARKET_INDEX,B,2019-01-31,"""{\""canonical_entry_stage\"": \""TRANSITION\"", \""canonical_exit_type\"": \""LOSS_GUARD_CLOSE_LE_NEG_15\"", \""canonical_trade_id\"": \""237350_02\"", \""julia_support_fill_adapter\"": false}""",
PATTERN_A_FAST_FINAL_STRATEGY_V02,245360,TIGER 차이나HSCEI,KR7245360003,2024-05-03,2024-05-07,9505.0,2026-02-28,2026-03-03,2026-03-03,13360.0,13360.0,40.557601262493414,40.23469017577608,0.00015,0.001,0.0,REALIZED,EXIT3_PROGRESSED_TO_TRANSITION,441,2019-05-31,2026-08-31,KRX_RAW_ETF_OHLCV,ETF_PIT_LISTED_2Y_CLOSE_1000_VOL20_10000_V01,MARKET_INDEX,A,2019-05-31,"""{\""canonical_entry_stage\"": \""TRANSITION\"", \""canonical_exit_type\"": \""EXIT3_PROGRESSED_TO_TRANSITION\"", \""canonical_trade_id\"": \""245360_01\"", \""julia_support_fill_adapter\"": false}""",
PATTERN_A_FAST_FINAL_STRATEGY_V02,293180,HANARO 200,KR7293180006,2024-05-03,2024-05-07,37245.0,2025-04-07,2025-04-08,2025-04-08,32205.0,32205.0,-13.5320177204994,-13.730665604878023,0.00015,0.001,0.0,REALIZED,LOSS_GUARD_CLOSE_LE_NEG_15,224,2021-02-26,2026-08-31,KRX_RAW_ETF_OHLCV,ETF_PIT_LISTED_2Y_CLOSE_1000_VOL20_10000_V01,MARKET_INDEX,B,2021-03-31,"""{\""canonical_entry_stage\"": \""TRANSITION\"", \""canonical_exit_type\"": \""LOSS_GUARD_CLOSE_LE_NEG_15\"", \""canonical_trade_id\"": \""293180_01\"", \""julia_support_fill_adapter\"": false}""",
PATTERN_A_FAST_FINAL_STRATEGY_V02,302450,RISE 코스피,KR7302450002,2024-05-03,2024-05-07,28085.0,2026-05-31,2026-06-01,2026-06-01,87825.0,87825.0,212.71141178565068,211.9930018177683,0.00015,0.001,0.0,REALIZED,EXIT4_SCORE_DRAWDOWN_GE_15,502,2021-07-02,2026-08-31,KRX_RAW_ETF_OHLCV,ETF_PIT_LISTED_2Y_CLOSE_1000_VOL20_10000_V01,MARKET_INDEX,A,2021-07-02,"""{\""canonical_entry_stage\"": \""TRANSITION\"", \""canonical_exit_type\"": \""EXIT4_SCORE_DRAWDOWN_GE_15\"", \""canonical_trade_id\"": \""302450_01\"", \""julia_support_fill_adapter\"": false}""",
PATTERN_A_FAST_FINAL_STRATEGY_V02,363580,KODEX 200IT TR,KR7363580002,2024-05-03,2024-05-07,13280.0,2024-08-05,2024-08-06,2024-08-06,11700.0,11700.0,-11.897590361445786,-12.09999311009311,0.00015,0.001,0.0,REALIZED,LOSS_GUARD_CLOSE_LE_NEG_15,64,2023-09-01,2026-08-31,KRX_RAW_ETF_OHLCV,ETF_PIT_LISTED_2Y_CLOSE_1000_VOL20_10000_V01,SECTOR_INDUSTRY,A,2023-09-01,"""{\""canonical_entry_stage\"": \""TRANSITION\"", \""canonical_exit_type\"": \""LOSS_GUARD_CLOSE_LE_NEG_15\"", \""canonical_trade_id\"": \""363580_01\"", \""julia_support_fill_adapter\"": false}""",
PATTERN_A_FAST_FINAL_STRATEGY_V02,371150,RISE 차이나항셍테크,KR7371150004,2024-05-17,2024-05-20,6005.0,2024-07-30,2024-07-31,2024-07-31,5110.0,5110.0,-14.904246461282266,-15.099741845405267,0.00015,0.001,0.0,REALIZED,LOSS_GUARD_CLOSE_LE_NEG_15,52,2023-12-01,2026-08-31,KRX_RAW_ETF_OHLCV,ETF_PIT_LISTED_2Y_CLOSE_1000_VOL20_10000_V01,SECTOR_INDUSTRY,A,2023-12-01,"""{\""canonical_entry_stage\"": \""TRANSITION\"", \""canonical_exit_type\"": \""LOSS_GUARD_CLOSE_LE_NEG_15\"", \""canonical_trade_id\"": \""371150_01\"", \""julia_support_fill_adapter\"": false}""",
PATTERN_A_FAST_FINAL_STRATEGY_V02,371160,TIGER 차이나항셍테크,KR7371160003,2024-05-17,2024-05-20,6210.0,2024-07-25,2024-07-26,2024-07-26,5265.0,5265.0,-15.217391304347828,-15.412167282756261,0.00015,0.001,0.0,REALIZED,LOSS_GUARD_CLOSE_LE_NEG_15,49,2023-12-01,2026-08-31,KRX_RAW_ETF_OHLCV,ETF_PIT_LISTED_2Y_CLOSE_1000_VOL20_10000_V01,SECTOR_INDUSTRY,A,2023-12-01,"""{\""canonical_entry_stage\"": \""TRANSITION\"", \""canonical_exit_type\"": \""LOSS_GUARD_CLOSE_LE_NEG_15\"", \""canonical_trade_id\"": \""371160_01\"", \""julia_support_fill_adapter\"": false}""",
PATTERN_A_FAST_FINAL_STRATEGY_V02,372330,KODEX 차이나항셍테크,KR7372330001,2024-05-17,2024-05-20,6220.0,2024-07-25,2024-07-26,2024-07-26,5295.0,5295.0,-14.87138263665595,-15.066953520739313,0.00015,0.001,0.0,REALIZED,LOSS_GUARD_CLOSE_LE_NEG_15,49,2023-12-01,2026-08-31,KRX_RAW_ETF_OHLCV,ETF_PIT_LISTED_2Y_CLOSE_1000_VOL20_10000_V01,SECTOR_INDUSTRY,A,2023-12-01,"""{\""canonical_entry_stage\"": \""TRANSITION\"", \""canonical_exit_type\"": \""LOSS_GUARD_CLOSE_LE_NEG_15\"", \""canonical_trade_id\"": \""372330_01\"", \""julia_support_fill_adapter\"": false}""",
PATTERN_A_FAST_FINAL_STRATEGY_V02,266370,KODEX IT,KR7266370006,2024-05-24,2024-05-27,20635.0,2024-08-05,2024-08-06,2024-08-06,17335.0,17335.0,-15.992246183668524,-16.185242043258175,0.00015,0.001,0.0,REALIZED,LOSS_GUARD_CLOSE_LE_NEG_15,51,2020-02-28,2026-08-31,KRX_RAW_ETF_OHLCV,ETF_PIT_LISTED_2Y_CLOSE_1000_VOL20_10000_V01,SECTOR_INDUSTRY,B,2020-03-31,"""{\""canonical_entry_stage\"": \""EARLY_TREND\"", \""canonical_exit_type\"": \""LOSS_GUARD_CLOSE_LE_NEG_15\"", \""canonical_trade_id\"": \""266370_04\"", \""julia_support_fill_adapter\"": false}""",
PATTERN_A_FAST_FINAL_STRATEGY_V02,377990,TIGER Fn신재생에너지,KR7377990007,2024-05-24,2024-05-27,10300.0,2024-07-22,2024-07-23,2024-07-23,8785.0,8785.0,-14.70873786407767,-14.90468240138071,0.00015,0.001,0.0,REALIZED,LOSS_GUARD_CLOSE_LE_NEG_15,41,2024-03-08,2026-08-31,KRX_RAW_ETF_OHLCV,ETF_PIT_LISTED_2Y_CLOSE_1000_VOL20_10000_V01,SECTOR_INDUSTRY,A,2024-03-08,"""{\""canonical_entry_stage\"": \""TRANSITION\"", \""canonical_exit_type\"": \""LOSS_GUARD_CLOSE_LE_NEG_15\"", \""canonical_trade_id\"": \""377990_01\"", \""julia_support_fill_adapter\"": false}""",
PATTERN_A_FAST_FINAL_STRATEGY_V02,277630,TIGER 코스피,KR7277630000,2024-05-31,2024-06-03,27475.0,2026-05-31,2026-06-01,2026-06-01,88090.0,88090.0,220.61874431301183,219.88216837390829,0.00015,0.001,0.0,REALIZED,EXIT4_SCORE_DRAWDOWN_GE_15,484,2020-07-31,2026-08-31,KRX_RAW_ETF_OHLCV,ETF_PIT_LISTED_2Y_CLOSE_1000_VOL20_10000_V01,MARKET_INDEX,A,2020-07-31,"""{\""canonical_entry_stage\"": \""TRANSITION\"", \""canonical_exit_type\"": \""EXIT4_SCORE_DRAWDOWN_GE_15\"", \""canonical_trade_id\"": \""277630_02\"", \""julia_support_fill_adapter\"": false}""",
PATTERN_A_FAST_FINAL_STRATEGY_V02,278530,KODEX 200TR,KR7278530001,2024-05-31,2024-06-03,12600.0,2026-01-31,2026-02-02,2026-02-02,27240.0,27240.0,116.19047619047618,115.69380933662008,0.00015,0.001,0.0,REALIZED,EXIT4_SCORE_DRAWDOWN_GE_15,406,2020-10-30,2026-08-31,KRX_RAW_ETF_OHLCV,ETF_PIT_LISTED_2Y_CLOSE_1000_VOL20_10000_V01,MARKET_INDEX,B,2020-11-30,"""{\""canonical_entry_stage\"": \""TRANSITION\"", \""canonical_exit_type\"": \""EXIT4_SCORE_DRAWDOWN_GE_15\"", \""canonical_trade_id\"": \""278530_02\"", \""julia_support_fill_adapter\"": false}""",
PATTERN_A_FAST_FINAL_STRATEGY_V02,294400,KIWOOM 200TR,KR7294400007,2024-05-31,2024-06-03,45810.0,2026-01-31,2026-02-02,2026-02-02,98505.0,98505.0,115.02946954813358,114.53546994182008,0.00015,0.001,0.0,REALIZED,EXIT4_SCORE_DRAWDOWN_GE_15,406,2021-04-02,2026-08-31,KRX_RAW_ETF_OHLCV,ETF_PIT_LISTED_2Y_CLOSE_1000_VOL20_10000_V01,MARKET_INDEX,A,2021-04-02,"""{\""canonical_entry_stage\"": \""TRANSITION\"", \""canonical_exit_type\"": \""EXIT4_SCORE_DRAWDOWN_GE_15\"", \""canonical_trade_id\"": \""294400_01\"", \""julia_support_fill_adapter\"": false}""",
PATTERN_A_FAST_FINAL_STRATEGY_V02,295040,SOL 200TR,KR7295040000,2024-05-31,2024-06-03,13130.0,2026-01-31,2026-02-02,2026-02-02,28275.0,28275.0,115.34653465346535,114.85180663519259,0.00015,0.001,0.0,REALIZED,EXIT4_SCORE_DRAWDOWN_GE_15,406,2021-04-02,2026-08-31,KRX_RAW_ETF_OHLCV,ETF_PIT_LISTED_2Y_CLOSE_1000_VOL20_10000_V01,MARKET_INDEX,A,2021-04-02,"""{\""canonical_entry_stage\"": \""TRANSITION\"", \""canonical_exit_type\"": \""EXIT4_SCORE_DRAWDOWN_GE_15\"", \""canonical_trade_id\"": \""295040_01\"", \""julia_support_fill_adapter\"": false}""",
PATTERN_A_FAST_FINAL_STRATEGY_V02,361580,RISE 200TR,KR7361580004,2024-05-31,2024-06-03,19850.0,2026-01-31,2026-02-02,2026-02-02,42745.0,42745.0,115.34005037783376,114.84533725626149,0.00015,0.001,0.0,REALIZED,EXIT4_SCORE_DRAWDOWN_GE_15,406,2023-08-04,2026-08-31,KRX_RAW_ETF_OHLCV,ETF_PIT_LISTED_2Y_CLOSE_1000_VOL20_10000_V01,MARKET_INDEX,A,2023-08-04,"""{\""canonical_entry_stage\"": \""TRANSITION\"", \""canonical_exit_type\"": \""EXIT4_SCORE_DRAWDOWN_GE_15\"", \""canonical_trade_id\"": \""361580_01\"", \""julia_support_fill_adapter\"": false}""",
PATTERN_A_FAST_FINAL_STRATEGY_V02,227560,TIGER 200 생활소비재,KR7227560000,2024-06-14,2024-06-17,9070.0,2026-05-31,2026-06-01,2026-06-01,12840.0,12840.0,41.565600882028676,41.24037405962977,0.00015,0.001,0.0,REALIZED,EXIT4_SCORE_DRAWDOWN_GE_15,475,2018-08-31,2026-08-31,KRX_RAW_ETF_OHLCV,ETF_PIT_LISTED_2Y_CLOSE_1000_VOL20_10000_V01,SECTOR_INDUSTRY,A,2018-08-31,"""{\""canonical_entry_stage\"": \""TRANSITION\"", \""canonical_exit_type\"": \""EXIT4_SCORE_DRAWDOWN_GE_15\"", \""canonical_trade_id\"": \""227560_01\"", \""julia_support_fill_adapter\"": false}""",
PATTERN_A_FAST_FINAL_STRATEGY_V02,266410,KODEX 필수소비재,KR7266410000,2024-06-14,2024-06-17,7380.0,2026-06-30,2026-07-01,2026-07-01,8970.0,8970.0,21.54471544715446,21.265483759951053,0.00015,0.001,0.0,REALIZED,EXIT3_PROGRESSED_TO_TRANSITION,496,2020-02-28,2026-08-31,KRX_RAW_ETF_OHLCV,ETF_PIT_LISTED_2Y_CLOSE_1000_VOL20_10000_V01,SECTOR_INDUSTRY,B,2020-03-31,"""{\""canonical_entry_stage\"": \""TRANSITION\"", \""canonical_exit_type\"": \""EXIT3_PROGRESSED_TO_TRANSITION\"", \""canonical_trade_id\"": \""266410_02\"", \""julia_support_fill_adapter\"": false}""",
PATTERN_A_FAST_FINAL_STRATEGY_V02,328370,PLUS 코스피TR,KR7328370002,2024-06-21,2024-06-24,15030.0,2025-04-09,2025-04-10,2025-04-10,13425.0,13425.0,-10.678642714570863,-10.88384582197337,0.00015,0.001,0.0,REALIZED,LOSS_GUARD_CLOSE_LE_NEG_15,194,2022-06-03,2026-08-31,KRX_RAW_ETF_OHLCV,ETF_PIT_LISTED_2Y_CLOSE_1000_VOL20_10000_V01,MARKET_INDEX,A,2022-06-03,"""{\""canonical_entry_stage\"": \""TRANSITION\"", \""canonical_exit_type\"": \""LOSS_GUARD_CLOSE_LE_NEG_15\"", \""canonical_trade_id\"": \""328370_01\"", \""julia_support_fill_adapter\"": false}""",
PATTERN_A_FAST_FINAL_STRATEGY_V02,394660,TIGER 글로벌자율주행&전기차SOLACTIVE,KR7394660005,2024-06-28,2024-07-01,11095.0,2024-08-05,2024-08-06,2024-08-06,9150.0,9150.0,-17.530419107706173,-17.719881233894018,0.00015,0.001,0.0,REALIZED,LOSS_GUARD_CLOSE_LE_NEG_15,27,2024-06-28,2026-08-31,KRX_RAW_ETF_OHLCV,ETF_PIT_LISTED_2Y_CLOSE_1000_VOL20_10000_V01,SECTOR_INDUSTRY,B,2024-07-31,"""{\""canonical_entry_stage\"": \""TRANSITION\"", \""canonical_exit_type\"": \""LOSS_GUARD_CLOSE_LE_NEG_15\"", \""canonical_trade_id\"": \""394660_01\"", \""julia_support_fill_adapter\"": false}""",
PATTERN_A_FAST_FINAL_STRATEGY_V02,385720,TIME 코스피액티브,KR7385720008,2024-08-02,2024-08-05,9445.0,2026-02-28,2026-03-03,2026-03-03,22735.0,22735.0,140.70937003705666,140.15637451377248,0.00015,0.001,0.0,REALIZED,EXIT4_SCORE_DRAWDOWN_GE_15,379,2024-05-03,2026-08-31,KRX_RAW_ETF_OHLCV,ETF_PIT_LISTED_2Y_CLOSE_1000_VOL20_10000_V01,MARKET_INDEX,A,2024-05-03,"""{\""canonical_entry_stage\"": \""TRANSITION\"", \""canonical_exit_type\"": \""EXIT4_SCORE_DRAWDOWN_GE_15\"", \""canonical_trade_id\"": \""385720_01\"", \""julia_support_fill_adapter\"": false}""",
PATTERN_A_FAST_FINAL_STRATEGY_V02,359210,KODEX 코스피TR,KR7359210002,2024-08-16,2024-08-19,13435.0,2026-02-28,2026-03-03,2026-03-03,31815.0,31815.0,136.80684778563452,136.26281775187095,0.00015,0.001,0.0,REALIZED,EXIT4_SCORE_DRAWDOWN_GE_15,370,2023-06-30,2026-08-31,KRX_RAW_ETF_OHLCV,ETF_PIT_LISTED_2Y_CLOSE_1000_VOL20_10000_V01,MARKET_INDEX,A,2023-06-30,"""{\""canonical_entry_stage\"": \""TRANSITION\"", \""canonical_exit_type\"": \""EXIT4_SCORE_DRAWDOWN_GE_15\"", \""canonical_trade_id\"": \""359210_01\"", \""julia_support_fill_adapter\"": false}""",
PATTERN_A_FAST_FINAL_STRATEGY_V02,227540,TIGER 200 헬스케어,KR7227540002,2024-10-04,2024-10-07,21600.0,2024-12-09,2024-12-10,2024-12-10,18240.0,18240.0,-15.555555555555555,-15.749554649719633,0.00015,0.001,0.0,REALIZED,LOSS_GUARD_CLOSE_LE_NEG_15,46,2018-08-31,2026-08-31,KRX_RAW_ETF_OHLCV,ETF_PIT_LISTED_2Y_CLOSE_1000_VOL20_10000_V01,SECTOR_INDUSTRY,A,2018-08-31,"""{\""canonical_entry_stage\"": \""EARLY_TREND\"", \""canonical_exit_type\"": \""LOSS_GUARD_CLOSE_LE_NEG_15\"", \""canonical_trade_id\"": \""227540_03\"", \""julia_support_fill_adapter\"": false}""",
PATTERN_A_FAST_FINAL_STRATEGY_V02,244580,KODEX 바이오,KR7244580007,2024-10-18,2024-10-21,9225.0,2024-11-21,2024-11-22,2024-11-22,7730.0,7730.0,-16.205962059620592,-16.398466937398283,0.00015,0.001,0.0,REALIZED,LOSS_GUARD_CLOSE_LE_NEG_15,25,2019-05-03,2026-08-31,KRX_RAW_ETF_OHLCV,ETF_PIT_LISTED_2Y_CLOSE_1000_VOL20_10000_V01,SECTOR_INDUSTRY,A,2019-05-03,"""{\""canonical_entry_stage\"": \""TRANSITION\"", \""canonical_exit_type\"": \""LOSS_GUARD_CLOSE_LE_NEG_15\"", \""canonical_trade_id\"": \""244580_02\"", \""julia_support_fill_adapter\"": false}""",
PATTERN_A_FAST_FINAL_STRATEGY_V02,117680,KODEX 철강,KR7117680009,2024-10-25,2024-10-28,10360.0,2024-11-15,2024-11-18,2024-11-18,8600.0,8600.0,-16.988416988416986,-17.17912428734377,0.00015,0.001,0.0,REALIZED,LOSS_GUARD_CLOSE_LE_NEG_15,16,2017-01-06,2026-08-31,KRX_RAW_ETF_OHLCV,ETF_PIT_LISTED_2Y_CLOSE_1000_VOL20_10000_V01,SECTOR_INDUSTRY,B,2017-01-31,"""{\""canonical_entry_stage\"": \""TRANSITION\"", \""canonical_exit_type\"": \""LOSS_GUARD_CLOSE_LE_NEG_15\"", \""canonical_trade_id\"": \""117680_04\"", \""julia_support_fill_adapter\"": false}""",
PATTERN_A_FAST_FINAL_STRATEGY_V02,139240,TIGER 200 철강소재,KR7139240006,2024-10-25,2024-10-28,10295.0,2024-11-13,2024-11-14,2024-11-14,8800.0,8800.0,-14.52161243322001,-14.717986864571376,0.00015,0.001,0.0,REALIZED,LOSS_GUARD_CLOSE_LE_NEG_15,14,2017-01-06,2026-08-31,KRX_RAW_ETF_OHLCV,ETF_PIT_LISTED_2Y_CLOSE_1000_VOL20_10000_V01,SECTOR_INDUSTRY,B,2017-01-31,"""{\""canonical_entry_stage\"": \""TRANSITION\"", \""canonical_exit_type\"": \""LOSS_GUARD_CLOSE_LE_NEG_15\"", \""canonical_trade_id\"": \""139240_03\"", \""julia_support_fill_adapter\"": false}""",
PATTERN_A_FAST_FINAL_STRATEGY_V02,195980,PLUS 신흥국MSCI(합성 H),KR7195980008,2024-11-01,2024-11-04,10060.0,,,2026-08-31,,15260.0,51.68986083499006,51.51559517320159,0.00015,0.001,0.0,OPEN_AT_CUTOFF,NO_EXIT_BEFORE_CUTOFF,444,2017-04-28,2026-08-31,KRX_RAW_ETF_OHLCV,ETF_PIT_LISTED_2Y_CLOSE_1000_VOL20_10000_V01,MARKET_INDEX,B,2017-05-31,"""{\""canonical_entry_stage\"": \""TRANSITION\"", \""canonical_exit_type\"": \""NO_EXIT_BEFORE_CUTOFF\"", \""canonical_trade_id\"": \""195980_04\"", \""julia_support_fill_adapter\"": false}""",
PATTERN_A_FAST_FINAL_STRATEGY_V02,411060,ACE KRX금현물,KR7411060007,2024-11-29,2024-12-02,17125.0,2025-05-31,2025-06-02,2025-06-02,20630.0,20630.0,20.467153284671525,20.19039714319293,0.00015,0.001,0.0,REALIZED,EXIT4_SCORE_DRAWDOWN_GE_15,120,2024-11-29,2026-08-31,KRX_RAW_ETF_OHLCV,ETF_PIT_LISTED_2Y_CLOSE_1000_VOL20_10000_V01,COMMODITY_RESOURCE,B,2024-12-30,"""{\""canonical_entry_stage\"": \""EARLY_TREND\"", \""canonical_exit_type\"": \""EXIT4_SCORE_DRAWDOWN_GE_15\"", \""canonical_trade_id\"": \""411060_01\"", \""julia_support_fill_adapter\"": false}""",
PATTERN_A_FAST_FINAL_STRATEGY_V02,117680,KODEX 철강,KR7117680009,2024-12-06,2024-12-09,10095.0,2025-04-09,2025-04-10,2025-04-10,8855.0,8855.0,-12.283308568598317,-12.484825184554705,0.00015,0.001,0.0,REALIZED,LOSS_GUARD_CLOSE_LE_NEG_15,81,2017-01-06,2026-08-31,KRX_RAW_ETF_OHLCV,ETF_PIT_LISTED_2Y_CLOSE_1000_VOL20_10000_V01,SECTOR_INDUSTRY,B,2017-01-31,"""{\""canonical_entry_stage\"": \""TRANSITION\"", \""canonical_exit_type\"": \""LOSS_GUARD_CLOSE_LE_NEG_15\"", \""canonical_trade_id\"": \""117680_05\"", \""julia_support_fill_adapter\"": false}""",
PATTERN_A_FAST_FINAL_STRATEGY_V02,139240,TIGER 200 철강소재,KR7139240006,2024-12-06,2024-12-09,10020.0,2025-01-02,2025-01-03,2025-01-03,8700.0,8700.0,-13.173652694610782,-13.373123871638914,0.00015,0.001,0.0,REALIZED,LOSS_GUARD_CLOSE_LE_NEG_15,17,2017-01-06,2026-08-31,KRX_RAW_ETF_OHLCV,ETF_PIT_LISTED_2Y_CLOSE_1000_VOL20_10000_V01,SECTOR_INDUSTRY,B,2017-01-31,"""{\""canonical_entry_stage\"": \""TRANSITION\"", \""canonical_exit_type\"": \""LOSS_GUARD_CLOSE_LE_NEG_15\"", \""canonical_trade_id\"": \""139240_04\"", \""julia_support_fill_adapter\"": false}""",
PATTERN_A_FAST_FINAL_STRATEGY_V02,261220,KODEX WTI원유선물(H),KR7261220008,2025-01-31,2025-02-03,15605.0,2025-04-07,2025-04-08,2025-04-08,13115.0,13115.0,-15.956424223005449,-16.14950237845204,0.00015,0.001,0.0,REALIZED,LOSS_GUARD_CLOSE_LE_NEG_15,46,2019-11-29,2026-08-31,KRX_RAW_ETF_OHLCV,ETF_PIT_LISTED_2Y_CLOSE_1000_VOL20_10000_V01,COMMODITY_RESOURCE,B,2019-12-30,"""{\""canonical_entry_stage\"": \""TRANSITION\"", \""canonical_exit_type\"": \""LOSS_GUARD_CLOSE_LE_NEG_15\"", \""canonical_trade_id\"": \""261220_03\"", \""julia_support_fill_adapter\"": false}""",
PATTERN_A_FAST_FINAL_STRATEGY_V02,395290,HANARO Fn K-POP&미디어,KR7395290000,2025-02-14,2025-02-17,7770.0,2026-05-12,2026-05-13,2026-05-13,6455.0,6455.0,-16.924066924066928,-17.11492205810915,0.00015,0.001,0.0,REALIZED,LOSS_GUARD_CLOSE_LE_NEG_15,302,2024-06-28,2026-08-31,KRX_RAW_ETF_OHLCV,ETF_PIT_LISTED_2Y_CLOSE_1000_VOL20_10000_V01,SECTOR_INDUSTRY,B,2024-07-31,"""{\""canonical_entry_stage\"": \""TRANSITION\"", \""canonical_exit_type\"": \""LOSS_GUARD_CLOSE_LE_NEG_15\"", \""canonical_trade_id\"": \""395290_01\"", \""julia_support_fill_adapter\"": false}""",
PATTERN_A_FAST_FINAL_STRATEGY_V02,117690,TIGER 차이나항셍30,KR7117690008,2025-02-21,2025-02-24,21700.0,2025-05-31,2025-06-02,2025-06-02,19980.0,19980.0,-7.926267281105992,-8.137793579387465,0.00015,0.001,0.0,REALIZED,EXIT4_SCORE_DRAWDOWN_GE_15,67,2017-01-06,2026-08-31,KRX_RAW_ETF_OHLCV,ETF_PIT_LISTED_2Y_CLOSE_1000_VOL20_10000_V01,MARKET_INDEX,B,2017-01-31,"""{\""canonical_entry_stage\"": \""EARLY_TREND\"", \""canonical_exit_type\"": \""EXIT4_SCORE_DRAWDOWN_GE_15\"", \""canonical_trade_id\"": \""117690_01\"", \""julia_support_fill_adapter\"": false}""",
PATTERN_A_FAST_FINAL_STRATEGY_V02,250730,RISE 차이나HSCEI(H),KR7250730009,2025-02-21,2025-02-24,10360.0,2025-04-08,2025-04-09,2025-04-09,8715.0,8715.0,-15.878378378378377,-16.071635833046606,0.00015,0.001,0.0,REALIZED,LOSS_GUARD_CLOSE_LE_NEG_15,32,2019-08-02,2026-08-31,KRX_RAW_ETF_OHLCV,ETF_PIT_LISTED_2Y_CLOSE_1000_VOL20_10000_V01,MARKET_INDEX,A,2019-08-02,"""{\""canonical_entry_stage\"": \""EARLY_TREND\"", \""canonical_exit_type\"": \""LOSS_GUARD_CLOSE_LE_NEG_15\"", \""canonical_trade_id\"": \""250730_01\"", \""julia_support_fill_adapter\"": false}""",
PATTERN_A_FAST_FINAL_STRATEGY_V02,377990,TIGER Fn신재생에너지,KR7377990007,2025-02-21,2025-02-24,9555.0,2025-03-28,2025-03-31,2025-03-31,7895.0,7895.0,-17.3731030873888,-17.56292662474631,0.00015,0.001,0.0,REALIZED,LOSS_GUARD_CLOSE_LE_NEG_15,25,2024-03-08,2026-08-31,KRX_RAW_ETF_OHLCV,ETF_PIT_LISTED_2Y_CLOSE_1000_VOL20_10000_V01,SECTOR_INDUSTRY,A,2024-03-08,"""{\""canonical_entry_stage\"": \""TRANSITION\"", \""canonical_exit_type\"": \""LOSS_GUARD_CLOSE_LE_NEG_15\"", \""canonical_trade_id\"": \""377990_02\"", \""julia_support_fill_adapter\"": false}""",
PATTERN_A_FAST_FINAL_STRATEGY_V02,304940,KODEX 미국나스닥100선물(H),KR7304940000,2025-02-28,2025-03-04,23635.0,2025-04-07,2025-04-08,2025-04-08,20265.0,20265.0,-14.258514914321985,-14.455493774782669,0.00015,0.001,0.0,REALIZED,LOSS_GUARD_CLOSE_LE_NEG_15,26,2021-07-30,2026-08-31,KRX_RAW_ETF_OHLCV,ETF_PIT_LISTED_2Y_CLOSE_1000_VOL20_10000_V01,MARKET_INDEX,B,2021-08-31,"""{\""canonical_entry_stage\"": \""TRANSITION\"", \""canonical_exit_type\"": \""LOSS_GUARD_CLOSE_LE_NEG_15\"", \""canonical_trade_id\"": \""304940_02\"", \""julia_support_fill_adapter\"": false}""",
PATTERN_A_FAST_FINAL_STRATEGY_V02,367770,RISE 수소경제테마,KR7367770005,2025-02-28,2025-03-04,10030.0,2025-10-31,2025-11-03,2025-11-03,18770.0,18770.0,87.13858424725822,86.7086599808845,0.00015,0.001,0.0,REALIZED,EXIT4_SCORE_DRAWDOWN_GE_15,164,2023-10-06,2026-08-31,KRX_RAW_ETF_OHLCV,ETF_PIT_LISTED_2Y_CLOSE_1000_VOL20_10000_V01,SECTOR_INDUSTRY,B,2023-10-31,"""{\""canonical_entry_stage\"": \""TRANSITION\"", \""canonical_exit_type\"": \""EXIT4_SCORE_DRAWDOWN_GE_15\"", \""canonical_trade_id\"": \""367770_01\"", \""julia_support_fill_adapter\"": false}""",
PATTERN_A_FAST_FINAL_STRATEGY_V02,371460,TIGER 차이나전기차SOLACTIVE,KR7371460007,2025-02-28,2025-03-04,10660.0,2025-04-07,2025-04-08,2025-04-08,8825.0,8825.0,-17.213883677298313,-17.404072998592646,0.00015,0.001,0.0,REALIZED,LOSS_GUARD_CLOSE_LE_NEG_15,26,2023-12-01,2026-08-31,KRX_RAW_ETF_OHLCV,ETF_PIT_LISTED_2Y_CLOSE_1000_VOL20_10000_V01,SECTOR_INDUSTRY,A,2023-12-01,"""{\""canonical_entry_stage\"": \""TRANSITION\"", \""canonical_exit_type\"": \""LOSS_GUARD_CLOSE_LE_NEG_15\"", \""canonical_trade_id\"": \""371460_01\"", \""julia_support_fill_adapter\"": false}""",
PATTERN_A_FAST_FINAL_STRATEGY_V02,371870,ACE 차이나항셍테크,KR7371870007,2025-02-28,2025-03-04,8820.0,2025-04-07,2025-04-08,2025-04-08,6995.0,6995.0,-20.691609977324266,-20.873809717345427,0.00015,0.001,0.0,REALIZED,LOSS_GUARD_CLOSE_LE_NEG_15,26,2023-12-01,2026-08-31,KRX_RAW_ETF_OHLCV,ETF_PIT_LISTED_2Y_CLOSE_1000_VOL20_10000_V01,SECTOR_INDUSTRY,A,2023-12-01,"""{\""canonical_entry_stage\"": \""EARLY_TREND\"", \""canonical_exit_type\"": \""LOSS_GUARD_CLOSE_LE_NEG_15\"", \""canonical_trade_id\"": \""371870_01\"", \""julia_support_fill_adapter\"": false}""",
PATTERN_A_FAST_FINAL_STRATEGY_V02,227550,TIGER 200 산업재,KR7227550001,2025-03-07,2025-03-10,8350.0,2026-02-28,2026-03-03,2026-03-03,14495.0,14495.0,73.59281437125749,73.19400958353019,0.00015,0.001,0.0,REALIZED,EXIT4_SCORE_DRAWDOWN_GE_15,239,2018-08-31,2026-08-31,KRX_RAW_ETF_OHLCV,ETF_PIT_LISTED_2Y_CLOSE_1000_VOL20_10000_V01,SECTOR_INDUSTRY,A,2018-08-31,"""{\""canonical_entry_stage\"": \""EARLY_TREND\"", \""canonical_exit_type\"": \""EXIT4_SCORE_DRAWDOWN_GE_15\"", \""canonical_trade_id\"": \""227550_02\"", \""julia_support_fill_adapter\"": false}""",
PATTERN_A_FAST_FINAL_STRATEGY_V02,421320,PLUS 우주항공,KR7421320003,2025-03-07,2025-03-10,19070.0,2025-03-28,2025-03-31,2025-03-31,15750.0,15750.0,-17.409543786051383,-17.599283606089465,0.00015,0.001,0.0,REALIZED,LOSS_GUARD_CLOSE_LE_NEG_15,16,2025-02-28,2026-08-31,KRX_RAW_ETF_OHLCV,ETF_PIT_LISTED_2Y_CLOSE_1000_VOL20_10000_V01,SECTOR_INDUSTRY,A,2025-02-28,"""{\""canonical_entry_stage\"": \""EARLY_TREND\"", \""canonical_exit_type\"": \""LOSS_GUARD_CLOSE_LE_NEG_15\"", \""canonical_trade_id\"": \""421320_01\"", \""julia_support_fill_adapter\"": false}""",
PATTERN_A_FAST_FINAL_STRATEGY_V02,310960,TIGER 200TR,KR7310960000,2025-03-28,2025-03-31,19595.0,2026-01-31,2026-02-02,2026-02-02,44085.0,44085.0,124.98086246491451,124.46400094951717,0.00015,0.001,0.0,REALIZED,EXIT4_SCORE_DRAWDOWN_GE_15,207,2021-10-29,2026-08-31,KRX_RAW_ETF_OHLCV,ETF_PIT_LISTED_2Y_CLOSE_1000_VOL20_10000_V01,MARKET_INDEX,B,2021-11-30,"""{\""canonical_entry_stage\"": \""TRANSITION\"", \""canonical_exit_type\"": \""EXIT4_SCORE_DRAWDOWN_GE_15\"", \""canonical_trade_id\"": \""310960_01\"", \""julia_support_fill_adapter\"": false}""",
PATTERN_A_FAST_FINAL_STRATEGY_V02,403790,MIDAS 코스피액티브,KR7403790009,2025-03-28,2025-03-31,20410.0,2026-01-31,2026-02-02,2026-02-02,42590.0,42590.0,108.67221950024498,108.19282477124199,0.00015,0.001,0.0,REALIZED,EXIT4_SCORE_DRAWDOWN_GE_15,207,2024-10-04,2026-08-31,KRX_RAW_ETF_OHLCV,ETF_PIT_LISTED_2Y_CLOSE_1000_VOL20_10000_V01,MARKET_INDEX,A,2024-10-04,"""{\""canonical_entry_stage\"": \""TRANSITION\"", \""canonical_exit_type\"": \""EXIT4_SCORE_DRAWDOWN_GE_15\"", \""canonical_trade_id\"": \""403790_01\"", \""julia_support_fill_adapter\"": false}""",
PATTERN_A_FAST_FINAL_STRATEGY_V02,379790,RISE 유로스탁스50(H),KR7379790009,2025-04-04,2025-04-07,13690.0,,,2026-08-31,,17535.0,28.086194302410526,27.939045209562742,0.00015,0.001,0.0,OPEN_AT_CUTOFF,NO_PROGRESSED_BEFORE_CUTOFF,342,2024-03-29,2026-08-31,KRX_RAW_ETF_OHLCV,ETF_PIT_LISTED_2Y_CLOSE_1000_VOL20_10000_V01,MARKET_INDEX,B,2024-04-30,"""{\""canonical_entry_stage\"": \""TRANSITION\"", \""canonical_exit_type\"": \""NO_PROGRESSED_BEFORE_CUTOFF\"", \""canonical_trade_id\"": \""379790_01\"", \""julia_support_fill_adapter\"": false}""",
PATTERN_A_FAST_FINAL_STRATEGY_V02,421320,PLUS 우주항공,KR7421320003,2025-04-18,2025-04-21,18055.0,2025-06-30,2025-07-01,2025-07-01,23670.0,23670.0,31.09941844364441,30.798236185997684,0.00015,0.001,0.0,REALIZED,EXIT4_SCORE_DRAWDOWN_GE_15,47,2025-02-28,2026-08-31,KRX_RAW_ETF_OHLCV,ETF_PIT_LISTED_2Y_CLOSE_1000_VOL20_10000_V01,SECTOR_INDUSTRY,A,2025-02-28,"""{\""canonical_entry_stage\"": \""EARLY_TREND\"", \""canonical_exit_type\"": \""EXIT4_SCORE_DRAWDOWN_GE_15\"", \""canonical_trade_id\"": \""421320_02\"", \""julia_support_fill_adapter\"": false}""",
PATTERN_A_FAST_FINAL_STRATEGY_V02,228810,TIGER 미디어컨텐츠,KR7228810008,2025-05-02,2025-05-07,6185.0,2026-03-04,2026-03-05,2026-03-05,5140.0,5140.0,-16.895715440582048,-17.086635708122998,0.00015,0.001,0.0,REALIZED,LOSS_GUARD_CLOSE_LE_NEG_15,202,2018-09-28,2026-08-31,KRX_RAW_ETF_OHLCV,ETF_PIT_LISTED_2Y_CLOSE_1000_VOL20_10000_V01,SECTOR_INDUSTRY,B,2018-10-31,"""{\""canonical_entry_stage\"": \""TRANSITION\"", \""canonical_exit_type\"": \""LOSS_GUARD_CLOSE_LE_NEG_15\"", \""canonical_trade_id\"": \""228810_03\"", \""julia_support_fill_adapter\"": false}""",
PATTERN_A_FAST_FINAL_STRATEGY_V02,139220,TIGER 200 건설,KR7139220008,2025-05-16,2025-05-19,3280.0,2026-01-31,2026-02-02,2026-02-02,5805.0,5805.0,76.98170731707317,76.5751170300625,0.00015,0.001,0.0,REALIZED,EXIT4_SCORE_DRAWDOWN_GE_15,175,2017-01-06,2026-08-31,KRX_RAW_ETF_OHLCV,ETF_PIT_LISTED_2Y_CLOSE_1000_VOL20_10000_V01,SECTOR_INDUSTRY,B,2017-01-31,"""{\""canonical_entry_stage\"": \""TRANSITION\"", \""canonical_exit_type\"": \""EXIT4_SCORE_DRAWDOWN_GE_15\"", \""canonical_trade_id\"": \""139220_04\"", \""julia_support_fill_adapter\"": false}""",
PATTERN_A_FAST_FINAL_STRATEGY_V02,250730,RISE 차이나HSCEI(H),KR7250730009,2025-05-16,2025-05-19,10240.0,,,2026-08-31,,9890.0,-3.41796875,-3.528924956960744,0.00015,0.001,0.0,OPEN_AT_CUTOFF,NO_EXIT_BEFORE_CUTOFF,315,2019-08-02,2026-08-31,KRX_RAW_ETF_OHLCV,ETF_PIT_LISTED_2Y_CLOSE_1000_VOL20_10000_V01,MARKET_INDEX,A,2019-08-02,"""{\""canonical_entry_stage\"": \""TRANSITION\"", \""canonical_exit_type\"": \""NO_EXIT_BEFORE_CUTOFF\"", \""canonical_trade_id\"": \""250730_02\"", \""julia_support_fill_adapter\"": false}""",
PATTERN_A_FAST_FINAL_STRATEGY_V02,385510,KODEX 신재생에너지액티브,KR7385510003,2025-05-16,2025-05-19,20395.0,2025-10-31,2025-11-03,2025-11-03,32035.0,32035.0,57.07281196371661,56.711959530625975,0.00015,0.001,0.0,REALIZED,EXIT4_SCORE_DRAWDOWN_GE_15,113,2024-05-03,2026-08-31,KRX_RAW_ETF_OHLCV,ETF_PIT_LISTED_2Y_CLOSE_1000_VOL20_10000_V01,SECTOR_INDUSTRY,A,2024-05-03,"""{\""canonical_entry_stage\"": \""TRANSITION\"", \""canonical_exit_type\"": \""EXIT4_SCORE_DRAWDOWN_GE_15\"", \""canonical_trade_id\"": \""385510_01\"", \""julia_support_fill_adapter\"": false}""",
PATTERN_A_FAST_FINAL_STRATEGY_V02,117700,KODEX 건설,KR7117700005,2025-05-23,2025-05-26,3700.0,2026-04-30,2026-05-04,2026-05-04,9430.0,9430.0,154.86486486486487,154.279349106625,0.00015,0.001,0.0,REALIZED,EXIT4_SCORE_DRAWDOWN_GE_15,230,2017-01-06,2026-08-31,KRX_RAW_ETF_OHLCV,ETF_PIT_LISTED_2Y_CLOSE_1000_VOL20_10000_V01,SECTOR_INDUSTRY,B,2017-01-31,"""{\""canonical_entry_stage\"": \""TRANSITION\"", \""canonical_exit_type\"": \""EXIT4_SCORE_DRAWDOWN_GE_15\"", \""canonical_trade_id\"": \""117700_04\"", \""julia_support_fill_adapter\"": false}""",
PATTERN_A_FAST_FINAL_STRATEGY_V02,069500,KODEX 200,KR7069500007,2025-05-30,2025-06-02,36040.0,2026-02-28,2026-03-03,2026-03-03,92035.0,92035.0,155.3690344062153,154.78236039020055,0.00015,0.001,0.0,REALIZED,EXIT4_SCORE_DRAWDOWN_GE_15,182,2017-01-06,2026-08-31,KRX_RAW_ETF_OHLCV,ETF_PIT_LISTED_2Y_CLOSE_1000_VOL20_10000_V01,MARKET_INDEX,B,2017-01-31,"""{\""canonical_entry_stage\"": \""TRANSITION\"", \""canonical_exit_type\"": \""EXIT4_SCORE_DRAWDOWN_GE_15\"", \""canonical_trade_id\"": \""069500_04\"", \""julia_support_fill_adapter\"": false}""",
PATTERN_A_FAST_FINAL_STRATEGY_V02,069660,KIWOOM 200,KR7069660009,2025-05-30,2025-06-02,35920.0,2026-02-28,2026-03-03,2026-03-03,91935.0,91935.0,155.94376391982183,155.35576954453697,0.00015,0.001,0.0,REALIZED,EXIT4_SCORE_DRAWDOWN_GE_15,182,2017-01-06,2026-08-31,KRX_RAW_ETF_OHLCV,ETF_PIT_LISTED_2Y_CLOSE_1000_VOL20_10000_V01,MARKET_INDEX,B,2017-01-31,"""{\""canonical_entry_stage\"": \""TRANSITION\"", \""canonical_exit_type\"": \""EXIT4_SCORE_DRAWDOWN_GE_15\"", \""canonical_trade_id\"": \""069660_04\"", \""julia_support_fill_adapter\"": false}""",
PATTERN_A_FAST_FINAL_STRATEGY_V02,102110,TIGER 200,KR7102110004,2025-05-30,2025-06-02,36020.0,2026-02-28,2026-03-03,2026-03-03,92200.0,92200.0,155.96890616324265,155.3808540272314,0.00015,0.001,0.0,REALIZED,EXIT4_SCORE_DRAWDOWN_GE_15,182,2017-01-06,2026-08-31,KRX_RAW_ETF_OHLCV,ETF_PIT_LISTED_2Y_CLOSE_1000_VOL20_10000_V01,MARKET_INDEX,B,2017-01-31,"""{\""canonical_entry_stage\"": \""TRANSITION\"", \""canonical_exit_type\"": \""EXIT4_SCORE_DRAWDOWN_GE_15\"", \""canonical_trade_id\"": \""102110_04\"", \""julia_support_fill_adapter\"": false}""",
PATTERN_A_FAST_FINAL_STRATEGY_V02,148020,RISE 200,KR7148020001,2025-05-30,2025-06-02,36280.0,2026-02-28,2026-03-03,2026-03-03,92755.0,92755.0,155.66427783902975,155.07692554324296,0.00015,0.001,0.0,REALIZED,EXIT4_SCORE_DRAWDOWN_GE_15,182,2017-01-06,2026-08-31,KRX_RAW_ETF_OHLCV,ETF_PIT_LISTED_2Y_CLOSE_1000_VOL20_10000_V01,MARKET_INDEX,B,2017-01-31,"""{\""canonical_entry_stage\"": \""TRANSITION\"", \""canonical_exit_type\"": \""EXIT4_SCORE_DRAWDOWN_GE_15\"", \""canonical_trade_id\"": \""148020_04\"", \""julia_support_fill_adapter\"": false}""",
PATTERN_A_FAST_FINAL_STRATEGY_V02,152100,PLUS 200,KR7152100004,2025-05-30,2025-06-02,36575.0,2026-02-28,2026-03-03,2026-03-03,93800.0,93800.0,156.45933014354068,155.87015132822492,0.00015,0.001,0.0,REALIZED,EXIT4_SCORE_DRAWDOWN_GE_15,182,2017-01-06,2026-08-31,KRX_RAW_ETF_OHLCV,ETF_PIT_LISTED_2Y_CLOSE_1000_VOL20_10000_V01,MARKET_INDEX,B,2017-01-31,"""{\""canonical_entry_stage\"": \""TRANSITION\"", \""canonical_exit_type\"": \""EXIT4_SCORE_DRAWDOWN_GE_15\"", \""canonical_trade_id\"": \""152100_04\"", \""julia_support_fill_adapter\"": false}""",
PATTERN_A_FAST_FINAL_STRATEGY_V02,244580,KODEX 바이오,KR7244580007,2025-05-30,2025-06-02,9000.0,2026-06-30,2026-07-01,2026-07-01,9470.0,9470.0,5.222222222222217,4.9804891404151785,0.00015,0.001,0.0,REALIZED,EXIT4_SCORE_DRAWDOWN_GE_15,264,2019-05-03,2026-08-31,KRX_RAW_ETF_OHLCV,ETF_PIT_LISTED_2Y_CLOSE_1000_VOL20_10000_V01,SECTOR_INDUSTRY,A,2019-05-03,"""{\""canonical_entry_stage\"": \""TRANSITION\"", \""canonical_exit_type\"": \""EXIT4_SCORE_DRAWDOWN_GE_15\"", \""canonical_trade_id\"": \""244580_03\"", \""julia_support_fill_adapter\"": false}""",
PATTERN_A_FAST_FINAL_STRATEGY_V02,293180,HANARO 200,KR7293180006,2025-05-30,2025-06-02,36015.0,2026-02-28,2026-03-03,2026-03-03,92460.0,92460.0,156.72636401499375,156.13657172735884,0.00015,0.001,0.0,REALIZED,EXIT4_SCORE_DRAWDOWN_GE_15,182,2021-02-26,2026-08-31,KRX_RAW_ETF_OHLCV,ETF_PIT_LISTED_2Y_CLOSE_1000_VOL20_10000_V01,MARKET_INDEX,B,2021-03-31,"""{\""canonical_entry_stage\"": \""TRANSITION\"", \""canonical_exit_type\"": \""EXIT4_SCORE_DRAWDOWN_GE_15\"", \""canonical_trade_id\"": \""293180_02\"", \""julia_support_fill_adapter\"": false}""",
PATTERN_A_FAST_FINAL_STRATEGY_V02,105190,ACE 200,KR7105190003,2025-06-13,2025-06-16,39165.0,2026-02-28,2026-03-03,2026-03-03,92710.0,92710.0,136.7164560194051,136.17263364786106,0.00015,0.001,0.0,REALIZED,EXIT4_SCORE_DRAWDOWN_GE_15,174,2017-01-06,2026-08-31,KRX_RAW_ETF_OHLCV,ETF_PIT_LISTED_2Y_CLOSE_1000_VOL20_10000_V01,MARKET_INDEX,B,2017-01-31,"""{\""canonical_entry_stage\"": \""TRANSITION\"", \""canonical_exit_type\"": \""EXIT4_SCORE_DRAWDOWN_GE_15\"", \""canonical_trade_id\"": \""105190_04\"", \""julia_support_fill_adapter\"": false}""",
PATTERN_A_FAST_FINAL_STRATEGY_V02,237350,KODEX 코스피100,KR7237350004,2025-06-13,2025-06-16,29830.0,2026-02-28,2026-03-03,2026-03-03,72820.0,72820.0,144.1166610794502,143.55583778987398,0.00015,0.001,0.0,REALIZED,EXIT4_SCORE_DRAWDOWN_GE_15,174,2018-12-28,2026-08-31,KRX_RAW_ETF_OHLCV,ETF_PIT_LISTED_2Y_CLOSE_1000_VOL20_10000_V01,MARKET_INDEX,B,2019-01-31,"""{\""canonical_entry_stage\"": \""TRANSITION\"", \""canonical_exit_type\"": \""EXIT4_SCORE_DRAWDOWN_GE_15\"", \""canonical_trade_id\"": \""237350_03\"", \""julia_support_fill_adapter\"": false}""",
PATTERN_A_FAST_FINAL_STRATEGY_V02,277640,TIGER 코스피대형주,KR7277640009,2025-06-13,2025-06-16,14445.0,2026-02-28,2026-03-03,2026-03-03,32995.0,32995.0,128.41813776393215,127.89337959768004,0.00015,0.001,0.0,REALIZED,EXIT4_SCORE_DRAWDOWN_GE_15,174,2020-07-31,2026-08-31,KRX_RAW_ETF_OHLCV,ETF_PIT_LISTED_2Y_CLOSE_1000_VOL20_10000_V01,MARKET_INDEX,A,2020-07-31,"""{\""canonical_entry_stage\"": \""TRANSITION\"", \""canonical_exit_type\"": \""EXIT4_SCORE_DRAWDOWN_GE_15\"", \""canonical_trade_id\"": \""277640_02\"", \""julia_support_fill_adapter\"": false}""",
PATTERN_A_FAST_FINAL_STRATEGY_V02,307510,TIGER 의료기기,KR7307510008,2025-06-13,2025-06-16,16300.0,2026-06-22,2026-06-23,2026-06-23,13855.0,13855.0,-15.000000000000002,-15.19527540399408,0.00015,0.001,0.0,REALIZED,LOSS_GUARD_CLOSE_LE_NEG_15,250,2021-10-29,2026-08-31,KRX_RAW_ETF_OHLCV,ETF_PIT_LISTED_2Y_CLOSE_1000_VOL20_10000_V01,SECTOR_INDUSTRY,B,2021-11-30,"""{\""canonical_entry_stage\"": \""TRANSITION\"", \""canonical_exit_type\"": \""LOSS_GUARD_CLOSE_LE_NEG_15\"", \""canonical_trade_id\"": \""307510_01\"", \""julia_support_fill_adapter\"": false}""",
PATTERN_A_FAST_FINAL_STRATEGY_V02,337140,KODEX 코스피대형주,KR7337140008,2025-06-13,2025-06-16,13890.0,2026-02-28,2026-03-03,2026-03-03,31620.0,31620.0,127.64578833693304,127.12280453357954,0.00015,0.001,0.0,REALIZED,EXIT4_SCORE_DRAWDOWN_GE_15,174,2022-11-04,2026-08-31,KRX_RAW_ETF_OHLCV,ETF_PIT_LISTED_2Y_CLOSE_1000_VOL20_10000_V01,MARKET_INDEX,A,2022-11-04,"""{\""canonical_entry_stage\"": \""TRANSITION\"", \""canonical_exit_type\"": \""EXIT4_SCORE_DRAWDOWN_GE_15\"", \""canonical_trade_id\"": \""337140_01\"", \""julia_support_fill_adapter\"": false}""",
PATTERN_A_FAST_FINAL_STRATEGY_V02,388280,RISE K엔터&여행레저,KR7388280000,2025-06-13,2025-06-16,7275.0,,,2026-08-31,,7135.0,-1.9243986254295575,-2.0370706885770917,0.00015,0.001,0.0,OPEN_AT_CUTOFF,NO_PROGRESSED_BEFORE_CUTOFF,297,2024-05-31,2026-08-31,KRX_RAW_ETF_OHLCV,ETF_PIT_LISTED_2Y_CLOSE_1000_VOL20_10000_V01,SECTOR_INDUSTRY,A,2024-05-31,"""{\""canonical_entry_stage\"": \""TRANSITION\"", \""canonical_exit_type\"": \""NO_PROGRESSED_BEFORE_CUTOFF\"", \""canonical_trade_id\"": \""388280_01\"", \""julia_support_fill_adapter\"": false}""",
PATTERN_A_FAST_FINAL_STRATEGY_V02,139240,TIGER 200 철강소재,KR7139240006,2025-06-20,2025-06-23,11245.0,2026-05-31,2026-06-01,2026-06-01,13010.0,13010.0,15.6958648288128,15.43007004357877,0.00015,0.001,0.0,REALIZED,EXIT4_SCORE_DRAWDOWN_GE_15,230,2017-01-06,2026-08-31,KRX_RAW_ETF_OHLCV,ETF_PIT_LISTED_2Y_CLOSE_1000_VOL20_10000_V01,SECTOR_INDUSTRY,B,2017-01-31,"""{\""canonical_entry_stage\"": \""TRANSITION\"", \""canonical_exit_type\"": \""EXIT4_SCORE_DRAWDOWN_GE_15\"", \""canonical_trade_id\"": \""139240_05\"", \""julia_support_fill_adapter\"": false}""",
PATTERN_A_FAST_FINAL_STRATEGY_V02,157490,TIGER 소프트웨어,KR7157490004,2025-06-20,2025-06-23,10475.0,2026-03-04,2026-03-05,2026-03-05,9035.0,9035.0,-13.747016706443915,-13.945170661247975,0.00015,0.001,0.0,REALIZED,LOSS_GUARD_CLOSE_LE_NEG_15,171,2017-01-06,2026-08-31,KRX_RAW_ETF_OHLCV,ETF_PIT_LISTED_2Y_CLOSE_1000_VOL20_10000_V01,SECTOR_INDUSTRY,B,2017-01-31,"""{\""canonical_entry_stage\"": \""TRANSITION\"", \""canonical_exit_type\"": \""LOSS_GUARD_CLOSE_LE_NEG_15\"", \""canonical_trade_id\"": \""157490_03\"", \""julia_support_fill_adapter\"": false}""",
PATTERN_A_FAST_FINAL_STRATEGY_V02,228800,TIGER 여행레저,KR7228800009,2025-06-20,2025-06-23,3565.0,2026-04-06,2026-04-07,2026-04-07,3060.0,3060.0,-14.165497896213186,-14.362690450036109,0.00015,0.001,0.0,REALIZED,LOSS_GUARD_CLOSE_LE_NEG_15,194,2018-09-28,2026-08-31,KRX_RAW_ETF_OHLCV,ETF_PIT_LISTED_2Y_CLOSE_1000_VOL20_10000_V01,SECTOR_INDUSTRY,B,2018-10-31,"""{\""canonical_entry_stage\"": \""TRANSITION\"", \""canonical_exit_type\"": \""LOSS_GUARD_CLOSE_LE_NEG_15\"", \""canonical_trade_id\"": \""228800_04\"", \""julia_support_fill_adapter\"": false}""",
PATTERN_A_FAST_FINAL_STRATEGY_V02,266360,KODEX K콘텐츠,KR7266360007,2025-06-20,2025-06-23,14950.0,2025-12-16,2025-12-17,2025-12-17,12655.0,12655.0,-15.351170568561878,-15.545639208148366,0.00015,0.001,0.0,REALIZED,LOSS_GUARD_CLOSE_LE_NEG_15,122,2020-02-28,2026-08-31,KRX_RAW_ETF_OHLCV,ETF_PIT_LISTED_2Y_CLOSE_1000_VOL20_10000_V01,SECTOR_INDUSTRY,B,2020-03-31,"""{\""canonical_entry_stage\"": \""TRANSITION\"", \""canonical_exit_type\"": \""LOSS_GUARD_CLOSE_LE_NEG_15\"", \""canonical_trade_id\"": \""266360_02\"", \""julia_support_fill_adapter\"": false}""",
PATTERN_A_FAST_FINAL_STRATEGY_V02,322400,HANARO e커머스,KR7322400003,2025-06-20,2025-06-23,13190.0,2026-03-31,2026-04-01,2026-04-01,11325.0,11325.0,-14.139499620924944,-14.336751902085643,0.00015,0.001,0.0,REALIZED,LOSS_GUARD_CLOSE_LE_NEG_15,190,2022-04-01,2026-08-31,KRX_RAW_ETF_OHLCV,ETF_PIT_LISTED_2Y_CLOSE_1000_VOL20_10000_V01,SECTOR_INDUSTRY,A,2022-04-01,"""{\""canonical_entry_stage\"": \""TRANSITION\"", \""canonical_exit_type\"": \""LOSS_GUARD_CLOSE_LE_NEG_15\"", \""canonical_trade_id\"": \""322400_01\"", \""julia_support_fill_adapter\"": false}""",
PATTERN_A_FAST_FINAL_STRATEGY_V02,367760,RISE 네트워크인프라,KR7367760006,2025-06-20,2025-06-23,11450.0,2026-01-31,2026-02-02,2026-02-02,27655.0,27655.0,141.52838427947597,140.97350718752048,0.00015,0.001,0.0,REALIZED,EXIT4_SCORE_DRAWDOWN_GE_15,152,2023-10-06,2026-08-31,KRX_RAW_ETF_OHLCV,ETF_PIT_LISTED_2Y_CLOSE_1000_VOL20_10000_V01,SECTOR_INDUSTRY,B,2023-10-31,"""{\""canonical_entry_stage\"": \""TRANSITION\"", \""canonical_exit_type\"": \""EXIT4_SCORE_DRAWDOWN_GE_15\"", \""canonical_trade_id\"": \""367760_01\"", \""julia_support_fill_adapter\"": false}""",
PATTERN_A_FAST_FINAL_STRATEGY_V02,117680,KODEX 철강,KR7117680009,2025-06-27,2025-06-30,11040.0,2026-04-30,2026-05-04,2026-05-04,17770.0,17770.0,60.960144927536234,60.590361900151855,0.00015,0.001,0.0,REALIZED,EXIT4_SCORE_DRAWDOWN_GE_15,207,2017-01-06,2026-08-31,KRX_RAW_ETF_OHLCV,ETF_PIT_LISTED_2Y_CLOSE_1000_VOL20_10000_V01,SECTOR_INDUSTRY,B,2017-01-31,"""{\""canonical_entry_stage\"": \""TRANSITION\"", \""canonical_exit_type\"": \""EXIT4_SCORE_DRAWDOWN_GE_15\"", \""canonical_trade_id\"": \""117680_06\"", \""julia_support_fill_adapter\"": false}""",
PATTERN_A_FAST_FINAL_STRATEGY_V02,305050,ACE 코스피,KR7305050007,2025-06-27,2025-06-30,31645.0,2026-05-31,2026-06-01,2026-06-01,88290.0,88290.0,179.00142202559647,178.3604559620556,0.00015,0.001,0.0,REALIZED,EXIT4_SCORE_DRAWDOWN_GE_15,225,2021-10-01,2026-08-31,KRX_RAW_ETF_OHLCV,ETF_PIT_LISTED_2Y_CLOSE_1000_VOL20_10000_V01,MARKET_INDEX,A,2021-10-01,"""{\""canonical_entry_stage\"": \""EARLY_TREND\"", \""canonical_exit_type\"": \""EXIT4_SCORE_DRAWDOWN_GE_15\"", \""canonical_trade_id\"": \""305050_01\"", \""julia_support_fill_adapter\"": false}""",
PATTERN_A_FAST_FINAL_STRATEGY_V02,363580,KODEX 200IT TR,KR7363580002,2025-06-27,2025-06-30,12790.0,2026-02-28,2026-03-03,2026-03-03,35885.0,35885.0,180.5707584050039,179.92618701445718,0.00015,0.001,0.0,REALIZED,EXIT4_SCORE_DRAWDOWN_GE_15,164,2023-09-01,2026-08-31,KRX_RAW_ETF_OHLCV,ETF_PIT_LISTED_2Y_CLOSE_1000_VOL20_10000_V01,SECTOR_INDUSTRY,A,2023-09-01,"""{\""canonical_entry_stage\"": \""TRANSITION\"", \""canonical_exit_type\"": \""EXIT4_SCORE_DRAWDOWN_GE_15\"", \""canonical_trade_id\"": \""363580_02\"", \""julia_support_fill_adapter\"": false}""",
PATTERN_A_FAST_FINAL_STRATEGY_V02,423170,SOL 글로벌AI반도체탑픽액티브,KR7423170000,2025-06-27,2025-06-30,20415.0,2026-01-31,2026-02-02,2026-02-02,38850.0,38850.0,90.30124908155767,89.8640590427932,0.00015,0.001,0.0,REALIZED,EXIT4_SCORE_DRAWDOWN_GE_15,147,2025-04-04,2026-08-31,KRX_RAW_ETF_OHLCV,ETF_PIT_LISTED_2Y_CLOSE_1000_VOL20_10000_V01,SECTOR_INDUSTRY,A,2025-04-04,"""{\""canonical_entry_stage\"": \""EARLY_TREND\"", \""canonical_exit_type\"": \""EXIT4_SCORE_DRAWDOWN_GE_15\"", \""canonical_trade_id\"": \""423170_01\"", \""julia_support_fill_adapter\"": false}""",
PATTERN_A_FAST_FINAL_STRATEGY_V02,091160,KODEX 반도체,KR7091160002,2025-07-04,2025-07-07,36400.0,,,2026-08-31,,124680.0,242.5274725274725,242.1339671451605,0.00015,0.001,0.0,OPEN_AT_CUTOFF,NO_EXIT_BEFORE_CUTOFF,282,2017-01-06,2026-08-31,KRX_RAW_ETF_OHLCV,ETF_PIT_LISTED_2Y_CLOSE_1000_VOL20_10000_V01,SECTOR_INDUSTRY,B,2017-01-31,"""{\""canonical_entry_stage\"": \""EARLY_TREND\"", \""canonical_exit_type\"": \""NO_EXIT_BEFORE_CUTOFF\"", \""canonical_trade_id\"": \""091160_03\"", \""julia_support_fill_adapter\"": false}""",
PATTERN_A_FAST_FINAL_STRATEGY_V02,091230,TIGER 반도체,KR7091230003,2025-07-04,2025-07-07,37890.0,,,2026-08-31,,131495.0,247.0440749538137,246.64538076912203,0.00015,0.001,0.0,OPEN_AT_CUTOFF,NO_EXIT_BEFORE_CUTOFF,282,2017-01-06,2026-08-31,KRX_RAW_ETF_OHLCV,ETF_PIT_LISTED_2Y_CLOSE_1000_VOL20_10000_V01,SECTOR_INDUSTRY,B,2017-01-31,"""{\""canonical_entry_stage\"": \""EARLY_TREND\"", \""canonical_exit_type\"": \""NO_EXIT_BEFORE_CUTOFF\"", \""canonical_trade_id\"": \""091230_03\"", \""julia_support_fill_adapter\"": false}""",
PATTERN_A_FAST_FINAL_STRATEGY_V02,139260,TIGER 200 IT,KR7139260004,2025-07-04,2025-07-07,31710.0,2026-02-28,2026-03-03,2026-03-03,90500.0,90500.0,185.39892778303374,184.74326436041832,0.00015,0.001,0.0,REALIZED,EXIT4_SCORE_DRAWDOWN_GE_15,159,2017-01-06,2026-08-31,KRX_RAW_ETF_OHLCV,ETF_PIT_LISTED_2Y_CLOSE_1000_VOL20_10000_V01,SECTOR_INDUSTRY,B,2017-01-31,"""{\""canonical_entry_stage\"": \""TRANSITION\"", \""canonical_exit_type\"": \""EXIT4_SCORE_DRAWDOWN_GE_15\"", \""canonical_trade_id\"": \""139260_05\"", \""julia_support_fill_adapter\"": false}""",
PATTERN_A_FAST_FINAL_STRATEGY_V02,266370,KODEX IT,KR7266370006,2025-07-04,2025-07-07,17585.0,2026-04-30,2026-05-04,2026-05-04,61255.0,61255.0,248.3366505544498,247.53639667017956,0.00015,0.001,0.0,REALIZED,EXIT4_SCORE_DRAWDOWN_GE_15,202,2020-02-28,2026-08-31,KRX_RAW_ETF_OHLCV,ETF_PIT_LISTED_2Y_CLOSE_1000_VOL20_10000_V01,SECTOR_INDUSTRY,B,2020-03-31,"""{\""canonical_entry_stage\"": \""TRANSITION\"", \""canonical_exit_type\"": \""EXIT4_SCORE_DRAWDOWN_GE_15\"", \""canonical_trade_id\"": \""266370_05\"", \""julia_support_fill_adapter\"": false}""",
PATTERN_A_FAST_FINAL_STRATEGY_V02,395160,KODEX AI반도체TOP2플러스,KR7395160005,2025-07-04,2025-07-07,10240.0,2026-02-28,2026-03-03,2026-03-03,28790.0,28790.0,181.15234375,180.50643624988626,0.00015,0.001,0.0,REALIZED,EXIT4_SCORE_DRAWDOWN_GE_15,159,2024-06-28,2026-08-31,KRX_RAW_ETF_OHLCV,ETF_PIT_LISTED_2Y_CLOSE_1000_VOL20_10000_V01,SECTOR_INDUSTRY,B,2024-07-31,"""{\""canonical_entry_stage\"": \""EARLY_TREND\"", \""canonical_exit_type\"": \""EXIT4_SCORE_DRAWDOWN_GE_15\"", \""canonical_trade_id\"": \""395160_01\"", \""julia_support_fill_adapter\"": false}""",
PATTERN_A_FAST_FINAL_STRATEGY_V02,395270,HANARO Fn K-반도체,KR7395270002,2025-07-04,2025-07-07,11415.0,2026-01-31,2026-02-02,2026-02-02,28440.0,28440.0,149.14586070959265,148.57348354955118,0.00015,0.001,0.0,REALIZED,EXIT4_SCORE_DRAWDOWN_GE_15,142,2024-06-28,2026-08-31,KRX_RAW_ETF_OHLCV,ETF_PIT_LISTED_2Y_CLOSE_1000_VOL20_10000_V01,SECTOR_INDUSTRY,B,2024-07-31,"""{\""canonical_entry_stage\"": \""EARLY_TREND\"", \""canonical_exit_type\"": \""EXIT4_SCORE_DRAWDOWN_GE_15\"", \""canonical_trade_id\"": \""395270_01\"", \""julia_support_fill_adapter\"": false}""",
PATTERN_A_FAST_FINAL_STRATEGY_V02,396500,TIGER 반도체TOP10,KR7396500001,2025-07-04,2025-07-07,11580.0,,,2026-08-31,,35005.0,202.28842832469775,201.9411507102084,0.00015,0.001,0.0,OPEN_AT_CUTOFF,NO_EXIT_BEFORE_CUTOFF,282,2024-08-02,2026-08-31,KRX_RAW_ETF_OHLCV,ETF_PIT_LISTED_2Y_CLOSE_1000_VOL20_10000_V01,SECTOR_INDUSTRY,A,2024-08-02,"""{\""canonical_entry_stage\"": \""EARLY_TREND\"", \""canonical_exit_type\"": \""NO_EXIT_BEFORE_CUTOFF\"", \""canonical_trade_id\"": \""396500_01\"", \""julia_support_fill_adapter\"": false}""",
PATTERN_A_FAST_FINAL_STRATEGY_V02,143860,TIGER 헬스케어,KR7143860005,2025-07-11,2025-07-14,40650.0,2026-07-14,2026-07-15,2026-07-15,34950.0,34950.0,-14.022140221402212,-14.219662119082354,0.00015,0.001,0.0,REALIZED,LOSS_GUARD_CLOSE_LE_NEG_15,246,2017-01-06,2026-08-31,KRX_RAW_ETF_OHLCV,ETF_PIT_LISTED_2Y_CLOSE_1000_VOL20_10000_V01,SECTOR_INDUSTRY,B,2017-01-31,"""{\""canonical_entry_stage\"": \""TRANSITION\"", \""canonical_exit_type\"": \""LOSS_GUARD_CLOSE_LE_NEG_15\"", \""canonical_trade_id\"": \""143860_04\"", \""julia_support_fill_adapter\"": false}""",
PATTERN_A_FAST_FINAL_STRATEGY_V02,365000,TIGER 인터넷TOP10,KR7365000009,2025-07-11,2025-07-14,4755.0,,,2026-08-31,,3710.0,-21.97686645636172,-22.066501669466575,0.00015,0.001,0.0,OPEN_AT_CUTOFF,NO_EXIT_BEFORE_CUTOFF,277,2023-10-06,2026-08-31,KRX_RAW_ETF_OHLCV,ETF_PIT_LISTED_2Y_CLOSE_1000_VOL20_10000_V01,SECTOR_INDUSTRY,B,2023-10-31,"""{\""canonical_entry_stage\"": \""TRANSITION\"", \""canonical_exit_type\"": \""NO_EXIT_BEFORE_CUTOFF\"", \""canonical_trade_id\"": \""365000_01\"", \""julia_support_fill_adapter\"": false}""",
PATTERN_A_FAST_FINAL_STRATEGY_V02,417450,RISE 글로벌수소경제,KR7417450004,2025-07-11,2025-07-14,8060.0,2026-01-31,2026-02-02,2026-02-02,12450.0,12450.0,54.46650124069479,54.11163643559678,0.00015,0.001,0.0,REALIZED,EXIT4_SCORE_DRAWDOWN_GE_15,137,2025-01-31,2026-08-31,KRX_RAW_ETF_OHLCV,ETF_PIT_LISTED_2Y_CLOSE_1000_VOL20_10000_V01,SECTOR_INDUSTRY,A,2025-01-31,"""{\""canonical_entry_stage\"": \""TRANSITION\"", \""canonical_exit_type\"": \""EXIT4_SCORE_DRAWDOWN_GE_15\"", \""canonical_trade_id\"": \""417450_01\"", \""julia_support_fill_adapter\"": false}""",
PATTERN_A_FAST_FINAL_STRATEGY_V02,266420,KODEX 헬스케어,KR7266420009,2025-07-18,2025-07-21,19720.0,2026-07-09,2026-07-10,2026-07-10,16265.0,16265.0,-17.520283975659233,-17.709769385870654,0.00015,0.001,0.0,REALIZED,LOSS_GUARD_CLOSE_LE_NEG_15,238,2020-02-28,2026-08-31,KRX_RAW_ETF_OHLCV,ETF_PIT_LISTED_2Y_CLOSE_1000_VOL20_10000_V01,SECTOR_INDUSTRY,B,2020-03-31,"""{\""canonical_entry_stage\"": \""TRANSITION\"", \""canonical_exit_type\"": \""LOSS_GUARD_CLOSE_LE_NEG_15\"", \""canonical_trade_id\"": \""266420_03\"", \""julia_support_fill_adapter\"": false}""",
PATTERN_A_FAST_FINAL_STRATEGY_V02,316670,KIWOOM 코스닥150,KR7316670009,2025-07-18,2025-07-21,6805.0,2026-05-31,2026-06-01,2026-06-01,9355.0,9355.0,37.47244673034533,37.156623347129766,0.00015,0.001,0.0,REALIZED,EXIT4_SCORE_DRAWDOWN_GE_15,210,2022-01-07,2026-08-31,KRX_RAW_ETF_OHLCV,ETF_PIT_LISTED_2Y_CLOSE_1000_VOL20_10000_V01,MARKET_INDEX,B,2022-01-28,"""{\""canonical_entry_stage\"": \""TRANSITION\"", \""canonical_exit_type\"": \""EXIT4_SCORE_DRAWDOWN_GE_15\"", \""canonical_trade_id\"": \""316670_02\"", \""julia_support_fill_adapter\"": false}""",
PATTERN_A_FAST_FINAL_STRATEGY_V02,354500,ACE 코스닥150,KR7354500001,2025-07-18,2025-07-21,13795.0,2026-05-31,2026-06-01,2026-06-01,18825.0,18825.0,36.46248640811889,36.14898326502025,0.00015,0.001,0.0,REALIZED,EXIT4_SCORE_DRAWDOWN_GE_15,210,2023-04-28,2026-08-31,KRX_RAW_ETF_OHLCV,ETF_PIT_LISTED_2Y_CLOSE_1000_VOL20_10000_V01,MARKET_INDEX,B,2023-05-31,"""{\""canonical_entry_stage\"": \""TRANSITION\"", \""canonical_exit_type\"": \""EXIT4_SCORE_DRAWDOWN_GE_15\"", \""canonical_trade_id\"": \""354500_01\"", \""julia_support_fill_adapter\"": false}""",
PATTERN_A_FAST_FINAL_STRATEGY_V02,381180,TIGER 미국필라델피아반도체나스닥,KR7381180009,2025-07-18,2025-07-21,21045.0,2026-04-30,2026-05-04,2026-05-04,40775.0,40775.0,93.75148491328108,93.30636844868225,0.00015,0.001,0.0,REALIZED,EXIT4_SCORE_DRAWDOWN_GE_15,192,2024-03-29,2026-08-31,KRX_RAW_ETF_OHLCV,ETF_PIT_LISTED_2Y_CLOSE_1000_VOL20_10000_V01,SECTOR_INDUSTRY,B,2024-04-30,"""{\""canonical_entry_stage\"": \""EARLY_TREND\"", \""canonical_exit_type\"": \""EXIT4_SCORE_DRAWDOWN_GE_15\"", \""canonical_trade_id\"": \""381180_01\"", \""julia_support_fill_adapter\"": false}""",
PATTERN_A_FAST_FINAL_STRATEGY_V02,381570,HANARO Fn친환경에너지,KR7381570001,2025-07-25,2025-07-28,7890.0,2026-06-30,2026-07-01,2026-07-01,10760.0,10760.0,36.375158428390364,36.061855908897854,0.00015,0.001,0.0,REALIZED,EXIT4_SCORE_DRAWDOWN_GE_15,226,2024-03-29,2026-08-31,KRX_RAW_ETF_OHLCV,ETF_PIT_LISTED_2Y_CLOSE_1000_VOL20_10000_V01,SECTOR_INDUSTRY,B,2024-04-30,"""{\""canonical_entry_stage\"": \""TRANSITION\"", \""canonical_exit_type\"": \""EXIT4_SCORE_DRAWDOWN_GE_15\"", \""canonical_trade_id\"": \""381570_01\"", \""julia_support_fill_adapter\"": false}""",
PATTERN_A_FAST_FINAL_STRATEGY_V02,256750,KODEX 차이나심천ChiNext(합성),KR7256750001,2025-08-22,2025-08-25,11600.0,2026-01-31,2026-02-02,2026-02-02,15500.0,15500.0,33.62068965517242,33.31371513570909,0.00015,0.001,0.0,REALIZED,EXIT4_SCORE_DRAWDOWN_GE_15,108,2019-11-01,2026-08-31,KRX_RAW_ETF_OHLCV,ETF_PIT_LISTED_2Y_CLOSE_1000_VOL20_10000_V01,MARKET_INDEX,A,2019-11-01,"""{\""canonical_entry_stage\"": \""TRANSITION\"", \""canonical_exit_type\"": \""EXIT4_SCORE_DRAWDOWN_GE_15\"", \""canonical_trade_id\"": \""256750_02\"", \""julia_support_fill_adapter\"": false}""",
PATTERN_A_FAST_FINAL_STRATEGY_V02,394660,TIGER 글로벌자율주행&전기차SOLACTIVE,KR7394660005,2025-08-22,2025-08-25,11720.0,,,2026-08-31,,15800.0,34.8122866894198,34.657410468769136,0.00015,0.001,0.0,OPEN_AT_CUTOFF,NO_EXIT_BEFORE_CUTOFF,248,2024-06-28,2026-08-31,KRX_RAW_ETF_OHLCV,ETF_PIT_LISTED_2Y_CLOSE_1000_VOL20_10000_V01,SECTOR_INDUSTRY,B,2024-07-31,"""{\""canonical_entry_stage\"": \""TRANSITION\"", \""canonical_exit_type\"": \""NO_EXIT_BEFORE_CUTOFF\"", \""canonical_trade_id\"": \""394660_02\"", \""julia_support_fill_adapter\"": false}""",
PATTERN_A_FAST_FINAL_STRATEGY_V02,396520,TIGER 차이나반도체FACTSET,KR7396520009,2025-08-22,2025-08-25,8270.0,2026-01-31,2026-02-02,2026-02-02,11165.0,11165.0,35.00604594921404,34.69588877080956,0.00015,0.001,0.0,REALIZED,EXIT4_SCORE_DRAWDOWN_GE_15,108,2024-08-02,2026-08-31,KRX_RAW_ETF_OHLCV,ETF_PIT_LISTED_2Y_CLOSE_1000_VOL20_10000_V01,SECTOR_INDUSTRY,A,2024-08-02,"""{\""canonical_entry_stage\"": \""TRANSITION\"", \""canonical_exit_type\"": \""EXIT4_SCORE_DRAWDOWN_GE_15\"", \""canonical_trade_id\"": \""396520_01\"", \""julia_support_fill_adapter\"": false}""",
PATTERN_A_FAST_FINAL_STRATEGY_V02,280930,KODEX 미국러셀2000(H),KR7280930009,2025-08-29,2025-09-01,13970.0,,,2026-08-31,,16815.0,20.365068002863286,20.226789161309398,0.00015,0.001,0.0,OPEN_AT_CUTOFF,NO_PROGRESSED_BEFORE_CUTOFF,243,2020-10-30,2026-08-31,KRX_RAW_ETF_OHLCV,ETF_PIT_LISTED_2Y_CLOSE_1000_VOL20_10000_V01,MARKET_INDEX,B,2020-11-30,"""{\""canonical_entry_stage\"": \""EARLY_TREND\"", \""canonical_exit_type\"": \""NO_PROGRESSED_BEFORE_CUTOFF\"", \""canonical_trade_id\"": \""280930_03\"", \""julia_support_fill_adapter\"": false}""",
PATTERN_A_FAST_FINAL_STRATEGY_V02,419420,KODEX 미국클린에너지나스닥,KR7419420005,2025-08-29,2025-09-01,6975.0,2026-04-30,2026-05-04,2026-05-04,11575.0,11575.0,65.94982078853047,65.56857469091601,0.00015,0.001,0.0,REALIZED,EXIT3_PROGRESSED_TO_TRANSITION,163,2025-02-28,2026-08-31,KRX_RAW_ETF_OHLCV,ETF_PIT_LISTED_2Y_CLOSE_1000_VOL20_10000_V01,SECTOR_INDUSTRY,A,2025-02-28,"""{\""canonical_entry_stage\"": \""TRANSITION\"", \""canonical_exit_type\"": \""EXIT3_PROGRESSED_TO_TRANSITION\"", \""canonical_trade_id\"": \""419420_01\"", \""julia_support_fill_adapter\"": false}""",
PATTERN_A_FAST_FINAL_STRATEGY_V02,396510,TIGER 차이나클린에너지SOLACTIVE,KR7396510000,2025-09-05,2025-09-08,6870.0,2026-06-30,2026-07-01,2026-07-01,9410.0,9410.0,36.97234352256187,36.657669055298506,0.00015,0.001,0.0,REALIZED,EXIT4_SCORE_DRAWDOWN_GE_15,197,2024-08-02,2026-08-31,KRX_RAW_ETF_OHLCV,ETF_PIT_LISTED_2Y_CLOSE_1000_VOL20_10000_V01,SECTOR_INDUSTRY,A,2024-08-02,"""{\""canonical_entry_stage\"": \""TRANSITION\"", \""canonical_exit_type\"": \""EXIT4_SCORE_DRAWDOWN_GE_15\"", \""canonical_trade_id\"": \""396510_01\"", \""julia_support_fill_adapter\"": false}""",
PATTERN_A_FAST_FINAL_STRATEGY_V02,364990,TIGER 게임TOP10,KR7364990002,2025-09-12,2025-09-15,5840.0,2025-12-18,2025-12-19,2025-12-19,5010.0,5010.0,-14.212328767123283,-14.409413733684605,0.00015,0.001,0.0,REALIZED,LOSS_GUARD_CLOSE_LE_NEG_15,65,2023-10-06,2026-08-31,KRX_RAW_ETF_OHLCV,ETF_PIT_LISTED_2Y_CLOSE_1000_VOL20_10000_V01,SECTOR_INDUSTRY,B,2023-10-31,"""{\""canonical_entry_stage\"": \""TRANSITION\"", \""canonical_exit_type\"": \""LOSS_GUARD_CLOSE_LE_NEG_15\"", \""canonical_trade_id\"": \""364990_01\"", \""julia_support_fill_adapter\"": false}""",
PATTERN_A_FAST_FINAL_STRATEGY_V02,388420,RISE 비메모리반도체액티브,KR7388420002,2025-09-12,2025-09-15,12720.0,2026-04-30,2026-05-04,2026-05-04,29090.0,29090.0,128.69496855345912,128.1695744078627,0.00015,0.001,0.0,REALIZED,EXIT4_SCORE_DRAWDOWN_GE_15,153,2024-05-31,2026-08-31,KRX_RAW_ETF_OHLCV,ETF_PIT_LISTED_2Y_CLOSE_1000_VOL20_10000_V01,SECTOR_INDUSTRY,A,2024-05-31,"""{\""canonical_entry_stage\"": \""TRANSITION\"", \""canonical_exit_type\"": \""EXIT4_SCORE_DRAWDOWN_GE_15\"", \""canonical_trade_id\"": \""388420_01\"", \""julia_support_fill_adapter\"": false}""",
PATTERN_A_FAST_FINAL_STRATEGY_V02,139250,TIGER 200 에너지화학,KR7139250005,2025-09-19,2025-09-22,12515.0,2026-05-31,2026-06-01,2026-06-01,20210.0,20210.0,61.48621654015183,61.11522493810055,0.00015,0.001,0.0,REALIZED,EXIT4_SCORE_DRAWDOWN_GE_15,166,2017-01-06,2026-08-31,KRX_RAW_ETF_OHLCV,ETF_PIT_LISTED_2Y_CLOSE_1000_VOL20_10000_V01,SECTOR_INDUSTRY,B,2017-01-31,"""{\""canonical_entry_stage\"": \""TRANSITION\"", \""canonical_exit_type\"": \""EXIT4_SCORE_DRAWDOWN_GE_15\"", \""canonical_trade_id\"": \""139250_03\"", \""julia_support_fill_adapter\"": false}""",
PATTERN_A_FAST_FINAL_STRATEGY_V02,304770,HANARO 코스닥150,KR7304770001,2025-09-26,2025-09-29,13900.0,2026-05-31,2026-06-01,2026-06-01,18765.0,18765.0,35.00000000000001,34.68985671130351,0.00015,0.001,0.0,REALIZED,EXIT4_SCORE_DRAWDOWN_GE_15,161,2021-07-30,2026-08-31,KRX_RAW_ETF_OHLCV,ETF_PIT_LISTED_2Y_CLOSE_1000_VOL20_10000_V01,MARKET_INDEX,B,2021-08-31,"""{\""canonical_entry_stage\"": \""TRANSITION\"", \""canonical_exit_type\"": \""EXIT4_SCORE_DRAWDOWN_GE_15\"", \""canonical_trade_id\"": \""304770_02\"", \""julia_support_fill_adapter\"": false}""",
PATTERN_A_FAST_FINAL_STRATEGY_V02,091180,KODEX 자동차,KR7091180000,2025-10-24,2025-10-27,21220.0,2026-05-31,2026-06-01,2026-06-01,41120.0,41120.0,93.7794533459001,93.33427262780745,0.00015,0.001,0.0,REALIZED,EXIT4_SCORE_DRAWDOWN_GE_15,146,2017-01-06,2026-08-31,KRX_RAW_ETF_OHLCV,ETF_PIT_LISTED_2Y_CLOSE_1000_VOL20_10000_V01,SECTOR_INDUSTRY,B,2017-01-31,"""{\""canonical_entry_stage\"": \""TRANSITION\"", \""canonical_exit_type\"": \""EXIT4_SCORE_DRAWDOWN_GE_15\"", \""canonical_trade_id\"": \""091180_04\"", \""julia_support_fill_adapter\"": false}""",
PATTERN_A_FAST_FINAL_STRATEGY_V02,381560,HANARO Fn전기&수소차,KR7381560002,2025-10-24,2025-10-27,10145.0,2026-04-30,2026-05-04,2026-05-04,18530.0,18530.0,82.65155248891078,82.23193653947061,0.00015,0.001,0.0,REALIZED,EXIT4_SCORE_DRAWDOWN_GE_15,128,2024-03-29,2026-08-31,KRX_RAW_ETF_OHLCV,ETF_PIT_LISTED_2Y_CLOSE_1000_VOL20_10000_V01,SECTOR_INDUSTRY,B,2024-04-30,"""{\""canonical_entry_stage\"": \""TRANSITION\"", \""canonical_exit_type\"": \""EXIT4_SCORE_DRAWDOWN_GE_15\"", \""canonical_trade_id\"": \""381560_01\"", \""julia_support_fill_adapter\"": false}""",
PATTERN_A_FAST_FINAL_STRATEGY_V02,117460,KODEX 에너지화학,KR7117460006,2025-10-31,2025-11-03,14220.0,2026-06-30,2026-07-01,2026-07-01,13510.0,13510.0,-4.992967651195501,-5.211232787950704,0.00015,0.001,0.0,REALIZED,EXIT4_SCORE_DRAWDOWN_GE_15,162,2017-01-06,2026-08-31,KRX_RAW_ETF_OHLCV,ETF_PIT_LISTED_2Y_CLOSE_1000_VOL20_10000_V01,SECTOR_INDUSTRY,B,2017-01-31,"""{\""canonical_entry_stage\"": \""TRANSITION\"", \""canonical_exit_type\"": \""EXIT4_SCORE_DRAWDOWN_GE_15\"", \""canonical_trade_id\"": \""117460_04\"", \""julia_support_fill_adapter\"": false}""",
PATTERN_A_FAST_FINAL_STRATEGY_V02,227540,TIGER 200 헬스케어,KR7227540002,2025-10-31,2025-11-03,21505.0,2026-06-08,2026-06-09,2026-06-09,17295.0,17295.0,-19.576842594745404,-19.761603354189994,0.00015,0.001,0.0,REALIZED,LOSS_GUARD_CLOSE_LE_NEG_15,146,2018-08-31,2026-08-31,KRX_RAW_ETF_OHLCV,ETF_PIT_LISTED_2Y_CLOSE_1000_VOL20_10000_V01,SECTOR_INDUSTRY,A,2018-08-31,"""{\""canonical_entry_stage\"": \""TRANSITION\"", \""canonical_exit_type\"": \""LOSS_GUARD_CLOSE_LE_NEG_15\"", \""canonical_trade_id\"": \""227540_04\"", \""julia_support_fill_adapter\"": false}""",
PATTERN_A_FAST_FINAL_STRATEGY_V02,391600,ACE 미국친환경그린테마,KR7391600004,2025-11-28,2025-12-01,11670.0,2026-08-31,2026-09-01,2026-09-01,10200.0,10200.0,-12.596401028277636,-12.797198358862827,0.00015,0.001,0.0,REALIZED,EXIT3_PROGRESSED_TO_TRANSITION,184,2024-08-02,2026-08-31,KRX_RAW_ETF_OHLCV,ETF_PIT_LISTED_2Y_CLOSE_1000_VOL20_10000_V01,SECTOR_INDUSTRY,A,2024-08-02,"""{\""canonical_entry_stage\"": \""EARLY_TREND\"", \""canonical_exit_type\"": \""EXIT3_PROGRESSED_TO_TRANSITION\"", \""canonical_trade_id\"": \""391600_01\"", \""julia_support_fill_adapter\"": false}""",
PATTERN_A_FAST_FINAL_STRATEGY_V02,399580,RISE 글로벌클린에너지,KR7399580000,2025-11-28,2025-12-01,9350.0,2026-04-30,2026-05-04,2026-05-04,11555.0,11555.0,23.582887700534762,23.298973602623253,0.00015,0.001,0.0,REALIZED,EXIT4_SCORE_DRAWDOWN_GE_15,103,2024-10-04,2026-08-31,KRX_RAW_ETF_OHLCV,ETF_PIT_LISTED_2Y_CLOSE_1000_VOL20_10000_V01,SECTOR_INDUSTRY,A,2024-10-04,"""{\""canonical_entry_stage\"": \""EARLY_TREND\"", \""canonical_exit_type\"": \""EXIT4_SCORE_DRAWDOWN_GE_15\"", \""canonical_trade_id\"": \""399580_01\"", \""julia_support_fill_adapter\"": false}""",
PATTERN_A_FAST_FINAL_STRATEGY_V02,433330,SOL 미국S&P500,KR7433330008,2025-11-28,2025-12-01,20840.0,,,2026-08-31,,21820.0,4.702495201535517,4.582209972735374,0.00015,0.001,0.0,OPEN_AT_CUTOFF,NO_PROGRESSED_BEFORE_CUTOFF,183,2025-05-30,2026-08-31,KRX_RAW_ETF_OHLCV,ETF_PIT_LISTED_2Y_CLOSE_1000_VOL20_10000_V01,MARKET_INDEX,B,2025-06-30,"""{\""canonical_entry_stage\"": \""EARLY_TREND\"", \""canonical_exit_type\"": \""NO_PROGRESSED_BEFORE_CUTOFF\"", \""canonical_trade_id\"": \""433330_01\"", \""julia_support_fill_adapter\"": false}""",
PATTERN_A_FAST_FINAL_STRATEGY_V02,445290,KODEX 로봇액티브,KR7445290000,2025-11-28,2025-12-01,23220.0,2026-01-31,2026-02-02,2026-02-02,35690.0,35690.0,53.703703703703695,53.3505913173963,0.00015,0.001,0.0,REALIZED,EXIT4_SCORE_DRAWDOWN_GE_15,43,2025-10-31,2026-08-31,KRX_RAW_ETF_OHLCV,ETF_PIT_LISTED_2Y_CLOSE_1000_VOL20_10000_V01,SECTOR_INDUSTRY,A,2025-10-31,"""{\""canonical_entry_stage\"": \""EARLY_TREND\"", \""canonical_exit_type\"": \""EXIT4_SCORE_DRAWDOWN_GE_15\"", \""canonical_trade_id\"": \""445290_01\"", \""julia_support_fill_adapter\"": false}""",
PATTERN_A_FAST_FINAL_STRATEGY_V02,446700,RISE 배터리 리사이클링,KR7446700007,2025-11-28,2025-12-01,11100.0,2026-07-31,2026-08-03,2026-08-03,8655.0,8655.0,-22.027027027027025,-22.206158836414303,0.00015,0.001,0.0,REALIZED,EXIT3_PROGRESSED_TO_WEAK,164,2025-10-31,2026-08-31,KRX_RAW_ETF_OHLCV,ETF_PIT_LISTED_2Y_CLOSE_1000_VOL20_10000_V01,SECTOR_INDUSTRY,A,2025-10-31,"""{\""canonical_entry_stage\"": \""TRANSITION\"", \""canonical_exit_type\"": \""EXIT3_PROGRESSED_TO_WEAK\"", \""canonical_trade_id\"": \""446700_01\"", \""julia_support_fill_adapter\"": false}""",
PATTERN_A_FAST_FINAL_STRATEGY_V02,334690,RISE 팔라듐선물(H),KR7334690005,2025-12-19,2025-12-22,8660.0,2026-03-31,2026-04-01,2026-04-01,6885.0,6885.0,-20.496535796766747,-20.679183691957526,0.00015,0.001,0.0,REALIZED,EXIT4_SCORE_DRAWDOWN_GE_15,66,2022-09-02,2026-08-31,KRX_RAW_ETF_OHLCV,ETF_PIT_LISTED_2Y_CLOSE_1000_VOL20_10000_V01,COMMODITY_RESOURCE,A,2022-09-02,"""{\""canonical_entry_stage\"": \""TRANSITION\"", \""canonical_exit_type\"": \""EXIT4_SCORE_DRAWDOWN_GE_15\"", \""canonical_trade_id\"": \""334690_01\"", \""julia_support_fill_adapter\"": false}""",
PATTERN_A_FAST_FINAL_STRATEGY_V02,314250,KODEX 미국빅테크10(H),KR7314250002,2026-01-02,2026-01-05,53745.0,2026-03-31,2026-04-01,2026-04-01,47390.0,47390.0,-11.82435575402363,-12.02692674875978,0.00015,0.001,0.0,REALIZED,LOSS_GUARD_CLOSE_LE_NEG_15,59,2022-01-07,2026-08-31,KRX_RAW_ETF_OHLCV,ETF_PIT_LISTED_2Y_CLOSE_1000_VOL20_10000_V01,SECTOR_INDUSTRY,B,2022-01-28,"""{\""canonical_entry_stage\"": \""TRANSITION\"", \""canonical_exit_type\"": \""LOSS_GUARD_CLOSE_LE_NEG_15\"", \""canonical_trade_id\"": \""314250_02\"", \""julia_support_fill_adapter\"": false}""",
PATTERN_A_FAST_FINAL_STRATEGY_V02,429760,PLUS 미국S&P500,KR7429760002,2026-01-02,2026-01-05,18370.0,,,2026-08-31,,19455.0,5.906369080021778,5.784700806389309,0.00015,0.001,0.0,OPEN_AT_CUTOFF,NO_PROGRESSED_BEFORE_CUTOFF,161,2025-05-02,2026-08-31,KRX_RAW_ETF_OHLCV,ETF_PIT_LISTED_2Y_CLOSE_1000_VOL20_10000_V01,MARKET_INDEX,A,2025-05-02,"""{\""canonical_entry_stage\"": \""TRANSITION\"", \""canonical_exit_type\"": \""NO_PROGRESSED_BEFORE_CUTOFF\"", \""canonical_trade_id\"": \""429760_01\"", \""julia_support_fill_adapter\"": false}""",
PATTERN_A_FAST_FINAL_STRATEGY_V02,301400,PLUS 코스닥150,KR7301400008,2026-01-23,2026-01-26,17035.0,2026-05-31,2026-06-01,2026-06-01,18915.0,18915.0,11.036102142647497,10.78101249907295,0.00015,0.001,0.0,REALIZED,EXIT4_SCORE_DRAWDOWN_GE_15,84,2021-07-02,2026-08-31,KRX_RAW_ETF_OHLCV,ETF_PIT_LISTED_2Y_CLOSE_1000_VOL20_10000_V01,MARKET_INDEX,A,2021-07-02,"""{\""canonical_entry_stage\"": \""TRANSITION\"", \""canonical_exit_type\"": \""EXIT4_SCORE_DRAWDOWN_GE_15\"", \""canonical_trade_id\"": \""301400_02\"", \""julia_support_fill_adapter\"": false}""",
PATTERN_A_FAST_FINAL_STRATEGY_V02,385600,ACE 2차전지&친환경차액티브,KR7385600002,2026-01-30,2026-02-02,9760.0,2026-08-31,2026-09-01,2026-09-01,12340.0,12340.0,26.4344262295082,26.143961127617278,0.00015,0.001,0.0,REALIZED,EXIT4_SCORE_DRAWDOWN_GE_15,142,2024-05-03,2026-08-31,KRX_RAW_ETF_OHLCV,ETF_PIT_LISTED_2Y_CLOSE_1000_VOL20_10000_V01,SECTOR_INDUSTRY,A,2024-05-03,"""{\""canonical_entry_stage\"": \""TRANSITION\"", \""canonical_exit_type\"": \""EXIT4_SCORE_DRAWDOWN_GE_15\"", \""canonical_trade_id\"": \""385600_01\"", \""julia_support_fill_adapter\"": false}""",
PATTERN_A_FAST_FINAL_STRATEGY_V02,219390,RISE 미국S&P원유생산기업(합성 H),KR7219390002,2026-02-20,2026-02-23,6820.0,,,2026-08-31,,8220.0,20.52785923753666,20.38939337674439,0.00015,0.001,0.0,OPEN_AT_CUTOFF,NO_PROGRESSED_BEFORE_CUTOFF,129,2018-06-01,2026-08-31,KRX_RAW_ETF_OHLCV,ETF_PIT_LISTED_2Y_CLOSE_1000_VOL20_10000_V01,SECTOR_INDUSTRY,A,2018-06-01,"""{\""canonical_entry_stage\"": \""TRANSITION\"", \""canonical_exit_type\"": \""NO_PROGRESSED_BEFORE_CUTOFF\"", \""canonical_trade_id\"": \""219390_02\"", \""julia_support_fill_adapter\"": false}""",
PATTERN_A_FAST_FINAL_STRATEGY_V02,261220,KODEX WTI원유선물(H),KR7261220008,2026-02-20,2026-02-23,15415.0,2026-08-31,2026-09-01,2026-09-01,24300.0,24300.0,57.63866363931236,57.27651124252111,0.00015,0.001,0.0,REALIZED,EXIT4_SCORE_DRAWDOWN_GE_15,130,2019-11-29,2026-08-31,KRX_RAW_ETF_OHLCV,ETF_PIT_LISTED_2Y_CLOSE_1000_VOL20_10000_V01,COMMODITY_RESOURCE,B,2019-12-30,"""{\""canonical_entry_stage\"": \""TRANSITION\"", \""canonical_exit_type\"": \""EXIT4_SCORE_DRAWDOWN_GE_15\"", \""canonical_trade_id\"": \""261220_04\"", \""julia_support_fill_adapter\"": false}""",
PATTERN_A_FAST_FINAL_STRATEGY_V02,133690,TIGER 미국나스닥100,KR7133690008,2026-02-27,2026-03-03,161185.0,,,2026-08-31,,178540.0,10.767130936501545,10.639878480267463,0.00015,0.001,0.0,OPEN_AT_CUTOFF,NO_EXIT_BEFORE_CUTOFF,124,2017-01-06,2026-08-31,KRX_RAW_ETF_OHLCV,ETF_PIT_LISTED_2Y_CLOSE_1000_VOL20_10000_V01,MARKET_INDEX,B,2017-01-31,"""{\""canonical_entry_stage\"": \""TRANSITION\"", \""canonical_exit_type\"": \""NO_EXIT_BEFORE_CUTOFF\"", \""canonical_trade_id\"": \""133690_03\"", \""julia_support_fill_adapter\"": false}""",
PATTERN_A_FAST_FINAL_STRATEGY_V02,305540,TIGER 2차전지테마,KR7305540007,2026-02-27,2026-03-03,23330.0,2026-03-04,2026-03-05,2026-03-05,20050.0,20050.0,-14.059151307329621,-14.25658817730675,0.00015,0.001,0.0,REALIZED,LOSS_GUARD_CLOSE_LE_NEG_15,3,2021-09-03,2026-08-31,KRX_RAW_ETF_OHLCV,ETF_PIT_LISTED_2Y_CLOSE_1000_VOL20_10000_V01,SECTOR_INDUSTRY,A,2021-09-03,"""{\""canonical_entry_stage\"": \""TRANSITION\"", \""canonical_exit_type\"": \""LOSS_GUARD_CLOSE_LE_NEG_15\"", \""canonical_trade_id\"": \""305540_02\"", \""julia_support_fill_adapter\"": false}""",
PATTERN_A_FAST_FINAL_STRATEGY_V02,364980,TIGER 2차전지TOP10,KR7364980003,2026-02-27,2026-03-03,11620.0,2026-03-04,2026-03-05,2026-03-05,10130.0,10130.0,-12.822719449225472,-13.02299684544499,0.00015,0.001,0.0,REALIZED,LOSS_GUARD_CLOSE_LE_NEG_15,3,2023-10-06,2026-08-31,KRX_RAW_ETF_OHLCV,ETF_PIT_LISTED_2Y_CLOSE_1000_VOL20_10000_V01,SECTOR_INDUSTRY,B,2023-10-31,"""{\""canonical_entry_stage\"": \""TRANSITION\"", \""canonical_exit_type\"": \""LOSS_GUARD_CLOSE_LE_NEG_15\"", \""canonical_trade_id\"": \""364980_01\"", \""julia_support_fill_adapter\"": false}""",
PATTERN_A_FAST_FINAL_STRATEGY_V02,422420,RISE 2차전지액티브,KR7422420000,2026-02-27,2026-03-03,9360.0,2026-03-04,2026-03-05,2026-03-05,8050.0,8050.0,-13.99572649572649,-14.193309075182558,0.00015,0.001,0.0,REALIZED,LOSS_GUARD_CLOSE_LE_NEG_15,3,2025-04-04,2026-08-31,KRX_RAW_ETF_OHLCV,ETF_PIT_LISTED_2Y_CLOSE_1000_VOL20_10000_V01,SECTOR_INDUSTRY,A,2025-04-04,"""{\""canonical_entry_stage\"": \""TRANSITION\"", \""canonical_exit_type\"": \""LOSS_GUARD_CLOSE_LE_NEG_15\"", \""canonical_trade_id\"": \""422420_01\"", \""julia_support_fill_adapter\"": false}""",
PATTERN_A_FAST_FINAL_STRATEGY_V02,453650,KODEX 미국S&P500금융,KR7453650004,2026-02-27,2026-03-03,18290.0,,,2026-08-31,,19410.0,6.123564789502467,6.00164699521093,0.00015,0.001,0.0,OPEN_AT_CUTOFF,NO_PROGRESSED_BEFORE_CUTOFF,124,2026-02-27,2026-08-31,KRX_RAW_ETF_OHLCV,ETF_PIT_LISTED_2Y_CLOSE_1000_VOL20_10000_V01,SECTOR_INDUSTRY,B,2026-03-31,"""{\""canonical_entry_stage\"": \""TRANSITION\"", \""canonical_exit_type\"": \""NO_PROGRESSED_BEFORE_CUTOFF\"", \""canonical_trade_id\"": \""453650_01\"", \""julia_support_fill_adapter\"": false}""",
PATTERN_A_FAST_FINAL_STRATEGY_V02,448290,TIGER 미국S&P500(H),KR7448290007,2026-04-03,2026-04-06,15320.0,,,2026-08-31,,17810.0,16.253263707571808,16.119708624697115,0.00015,0.001,0.0,OPEN_AT_CUTOFF,NO_PROGRESSED_BEFORE_CUTOFF,100,2025-10-31,2026-08-31,KRX_RAW_ETF_OHLCV,ETF_PIT_LISTED_2Y_CLOSE_1000_VOL20_10000_V01,MARKET_INDEX,A,2025-10-31,"""{\""canonical_entry_stage\"": \""TRANSITION\"", \""canonical_exit_type\"": \""NO_PROGRESSED_BEFORE_CUTOFF\"", \""canonical_trade_id\"": \""448290_01\"", \""julia_support_fill_adapter\"": false}""",
PATTERN_A_FAST_FINAL_STRATEGY_V02,449180,KODEX 미국S&P500(H),KR7449180009,2026-04-03,2026-04-06,14750.0,,,2026-08-31,,17175.0,16.440677966101692,16.306907576352756,0.00015,0.001,0.0,OPEN_AT_CUTOFF,NO_PROGRESSED_BEFORE_CUTOFF,100,2025-11-28,2026-08-31,KRX_RAW_ETF_OHLCV,ETF_PIT_LISTED_2Y_CLOSE_1000_VOL20_10000_V01,MARKET_INDEX,B,2025-12-30,"""{\""canonical_entry_stage\"": \""TRANSITION\"", \""canonical_exit_type\"": \""NO_PROGRESSED_BEFORE_CUTOFF\"", \""canonical_trade_id\"": \""449180_01\"", \""julia_support_fill_adapter\"": false}""",
PATTERN_A_FAST_FINAL_STRATEGY_V02,453330,RISE 미국S&P500(H),KR7453330003,2026-04-03,2026-04-06,15555.0,,,2026-08-31,,18220.0,17.132754741240763,16.99818927384744,0.00015,0.001,0.0,OPEN_AT_CUTOFF,NO_PROGRESSED_BEFORE_CUTOFF,100,2026-02-27,2026-08-31,KRX_RAW_ETF_OHLCV,ETF_PIT_LISTED_2Y_CLOSE_1000_VOL20_10000_V01,MARKET_INDEX,B,2026-03-31,"""{\""canonical_entry_stage\"": \""TRANSITION\"", \""canonical_exit_type\"": \""NO_PROGRESSED_BEFORE_CUTOFF\"", \""canonical_trade_id\"": \""453330_01\"", \""julia_support_fill_adapter\"": false}""",
PATTERN_A_FAST_FINAL_STRATEGY_V02,305540,TIGER 2차전지테마,KR7305540007,2026-04-10,2026-04-13,22140.0,2026-06-23,2026-06-24,2026-06-24,18605.0,18605.0,-15.966576332429995,-16.159631164849884,0.00015,0.001,0.0,REALIZED,LOSS_GUARD_CLOSE_LE_NEG_15,49,2021-09-03,2026-08-31,KRX_RAW_ETF_OHLCV,ETF_PIT_LISTED_2Y_CLOSE_1000_VOL20_10000_V01,SECTOR_INDUSTRY,A,2021-09-03,"""{\""canonical_entry_stage\"": \""TRANSITION\"", \""canonical_exit_type\"": \""LOSS_GUARD_CLOSE_LE_NEG_15\"", \""canonical_trade_id\"": \""305540_03\"", \""julia_support_fill_adapter\"": false}""",
PATTERN_A_FAST_FINAL_STRATEGY_V02,364980,TIGER 2차전지TOP10,KR7364980003,2026-04-10,2026-04-13,11210.0,2026-06-26,2026-06-29,2026-06-29,9470.0,9470.0,-15.521855486173063,-15.715932001450806,0.00015,0.001,0.0,REALIZED,LOSS_GUARD_CLOSE_LE_NEG_15,52,2023-10-06,2026-08-31,KRX_RAW_ETF_OHLCV,ETF_PIT_LISTED_2Y_CLOSE_1000_VOL20_10000_V01,SECTOR_INDUSTRY,B,2023-10-31,"""{\""canonical_entry_stage\"": \""TRANSITION\"", \""canonical_exit_type\"": \""LOSS_GUARD_CLOSE_LE_NEG_15\"", \""canonical_trade_id\"": \""364980_02\"", \""julia_support_fill_adapter\"": false}""",
PATTERN_A_FAST_FINAL_STRATEGY_V02,422420,RISE 2차전지액티브,KR7422420000,2026-04-10,2026-04-13,9030.0,2026-06-23,2026-06-24,2026-06-24,7245.0,7245.0,-19.76744186046512,-19.951764745220146,0.00015,0.001,0.0,REALIZED,LOSS_GUARD_CLOSE_LE_NEG_15,49,2025-04-04,2026-08-31,KRX_RAW_ETF_OHLCV,ETF_PIT_LISTED_2Y_CLOSE_1000_VOL20_10000_V01,SECTOR_INDUSTRY,A,2025-04-04,"""{\""canonical_entry_stage\"": \""TRANSITION\"", \""canonical_exit_type\"": \""LOSS_GUARD_CLOSE_LE_NEG_15\"", \""canonical_trade_id\"": \""422420_02\"", \""julia_support_fill_adapter\"": false}""",
PATTERN_A_FAST_FINAL_STRATEGY_V02,228790,TIGER 화장품,KR7228790002,2026-04-17,2026-04-20,3935.0,2026-06-08,2026-06-09,2026-06-09,3220.0,3220.0,-18.1702668360864,-18.358259003172417,0.00015,0.001,0.0,REALIZED,LOSS_GUARD_CLOSE_LE_NEG_15,33,2018-09-28,2026-08-31,KRX_RAW_ETF_OHLCV,ETF_PIT_LISTED_2Y_CLOSE_1000_VOL20_10000_V01,SECTOR_INDUSTRY,B,2018-10-31,"""{\""canonical_entry_stage\"": \""TRANSITION\"", \""canonical_exit_type\"": \""LOSS_GUARD_CLOSE_LE_NEG_15\"", \""canonical_trade_id\"": \""228790_02\"", \""julia_support_fill_adapter\"": false}""",
PATTERN_A_FAST_FINAL_STRATEGY_V02,315270,TIGER 200커뮤니케이션서비스,KR7315270009,2026-04-17,2026-04-20,23565.0,2026-06-23,2026-06-24,2026-06-24,19530.0,19530.0,-17.12285168682368,-17.313250141161717,0.00015,0.001,0.0,REALIZED,LOSS_GUARD_CLOSE_LE_NEG_15,44,2022-01-07,2026-08-31,KRX_RAW_ETF_OHLCV,ETF_PIT_LISTED_2Y_CLOSE_1000_VOL20_10000_V01,MARKET_INDEX,B,2022-01-28,"""{\""canonical_entry_stage\"": \""TRANSITION\"", \""canonical_exit_type\"": \""LOSS_GUARD_CLOSE_LE_NEG_15\"", \""canonical_trade_id\"": \""315270_01\"", \""julia_support_fill_adapter\"": false}""",
PATTERN_A_FAST_FINAL_STRATEGY_V02,367380,ACE 미국나스닥100,KR7367380003,2026-04-17,2026-04-20,29870.0,,,2026-08-31,,30680.0,2.7117509206561863,2.5937527159699103,0.00015,0.001,0.0,OPEN_AT_CUTOFF,NO_EXIT_BEFORE_CUTOFF,90,2023-10-06,2026-08-31,KRX_RAW_ETF_OHLCV,ETF_PIT_LISTED_2Y_CLOSE_1000_VOL20_10000_V01,MARKET_INDEX,B,2023-10-31,"""{\""canonical_entry_stage\"": \""TRANSITION\"", \""canonical_exit_type\"": \""NO_EXIT_BEFORE_CUTOFF\"", \""canonical_trade_id\"": \""367380_02\"", \""julia_support_fill_adapter\"": false}""",
PATTERN_A_FAST_FINAL_STRATEGY_V02,368590,RISE 미국나스닥100,KR7368590006,2026-04-17,2026-04-20,28885.0,,,2026-08-31,,29775.0,3.081184005539206,2.9627613855316204,0.00015,0.001,0.0,OPEN_AT_CUTOFF,NO_EXIT_BEFORE_CUTOFF,90,2023-11-03,2026-08-31,KRX_RAW_ETF_OHLCV,ETF_PIT_LISTED_2Y_CLOSE_1000_VOL20_10000_V01,MARKET_INDEX,A,2023-11-03,"""{\""canonical_entry_stage\"": \""TRANSITION\"", \""canonical_exit_type\"": \""NO_EXIT_BEFORE_CUTOFF\"", \""canonical_trade_id\"": \""368590_02\"", \""julia_support_fill_adapter\"": false}""",
PATTERN_A_FAST_FINAL_STRATEGY_V02,379780,RISE 미국S&P500,KR7379780000,2026-04-17,2026-04-20,22615.0,,,2026-08-31,,22850.0,1.0391333185938434,0.923056664970634,0.00015,0.001,0.0,OPEN_AT_CUTOFF,NO_PROGRESSED_BEFORE_CUTOFF,90,2024-03-29,2026-08-31,KRX_RAW_ETF_OHLCV,ETF_PIT_LISTED_2Y_CLOSE_1000_VOL20_10000_V01,MARKET_INDEX,B,2024-04-30,"""{\""canonical_entry_stage\"": \""TRANSITION\"", \""canonical_exit_type\"": \""NO_PROGRESSED_BEFORE_CUTOFF\"", \""canonical_trade_id\"": \""379780_01\"", \""julia_support_fill_adapter\"": false}""",
PATTERN_A_FAST_FINAL_STRATEGY_V02,379800,KODEX 미국S&P500,KR7379800006,2026-04-17,2026-04-20,23735.0,,,2026-08-31,,23755.0,0.08426374552348292,-0.030715926553581685,0.00015,0.001,0.0,OPEN_AT_CUTOFF,NO_PROGRESSED_BEFORE_CUTOFF,90,2024-03-29,2026-08-31,KRX_RAW_ETF_OHLCV,ETF_PIT_LISTED_2Y_CLOSE_1000_VOL20_10000_V01,MARKET_INDEX,B,2024-04-30,"""{\""canonical_entry_stage\"": \""TRANSITION\"", \""canonical_exit_type\"": \""NO_PROGRESSED_BEFORE_CUTOFF\"", \""canonical_trade_id\"": \""379800_01\"", \""julia_support_fill_adapter\"": false}""",
PATTERN_A_FAST_FINAL_STRATEGY_V02,379810,KODEX 미국나스닥100,KR7379810005,2026-04-17,2026-04-20,26025.0,2026-08-31,2026-09-01,2026-09-01,26695.0,26695.0,2.5744476464937494,2.3387974499803343,0.00015,0.001,0.0,REALIZED,EXIT3_PROGRESSED_TO_TRANSITION,91,2024-03-29,2026-08-31,KRX_RAW_ETF_OHLCV,ETF_PIT_LISTED_2Y_CLOSE_1000_VOL20_10000_V01,MARKET_INDEX,B,2024-04-30,"""{\""canonical_entry_stage\"": \""TRANSITION\"", \""canonical_exit_type\"": \""EXIT3_PROGRESSED_TO_TRANSITION\"", \""canonical_trade_id\"": \""379810_01\"", \""julia_support_fill_adapter\"": false}""",
PATTERN_A_FAST_FINAL_STRATEGY_V02,449770,KIWOOM 미국S&P500,KR7449770007,2026-04-17,2026-04-20,20835.0,,,2026-08-31,,20925.0,0.4319654427645814,0.31658632100746154,0.00015,0.001,0.0,OPEN_AT_CUTOFF,NO_PROGRESSED_BEFORE_CUTOFF,90,2025-11-28,2026-08-31,KRX_RAW_ETF_OHLCV,ETF_PIT_LISTED_2Y_CLOSE_1000_VOL20_10000_V01,MARKET_INDEX,B,2025-12-30,"""{\""canonical_entry_stage\"": \""TRANSITION\"", \""canonical_exit_type\"": \""NO_PROGRESSED_BEFORE_CUTOFF\"", \""canonical_trade_id\"": \""449770_01\"", \""julia_support_fill_adapter\"": false}""",
PATTERN_A_FAST_FINAL_STRATEGY_V02,455860,SOL 2차전지소부장Fn,KR7455860007,2026-04-17,2026-04-20,6730.0,2026-06-08,2026-06-09,2026-06-09,5455.0,5455.0,-18.945022288261516,-19.131234564948485,0.00015,0.001,0.0,REALIZED,LOSS_GUARD_CLOSE_LE_NEG_15,33,2026-04-03,2026-08-31,KRX_RAW_ETF_OHLCV,ETF_PIT_LISTED_2Y_CLOSE_1000_VOL20_10000_V01,SECTOR_INDUSTRY,A,2026-04-03,"""{\""canonical_entry_stage\"": \""TRANSITION\"", \""canonical_exit_type\"": \""LOSS_GUARD_CLOSE_LE_NEG_15\"", \""canonical_trade_id\"": \""455860_01\"", \""julia_support_fill_adapter\"": false}""",
PATTERN_A_FAST_FINAL_STRATEGY_V02,304940,KODEX 미국나스닥100선물(H),KR7304940000,2026-04-24,2026-04-27,30190.0,,,2026-08-31,,32435.0,7.436237164624049,7.312811334667502,0.00015,0.001,0.0,OPEN_AT_CUTOFF,NO_PROGRESSED_BEFORE_CUTOFF,85,2021-07-30,2026-08-31,KRX_RAW_ETF_OHLCV,ETF_PIT_LISTED_2Y_CLOSE_1000_VOL20_10000_V01,MARKET_INDEX,B,2021-08-31,"""{\""canonical_entry_stage\"": \""TRANSITION\"", \""canonical_exit_type\"": \""NO_PROGRESSED_BEFORE_CUTOFF\"", \""canonical_trade_id\"": \""304940_03\"", \""julia_support_fill_adapter\"": false}""",
PATTERN_A_FAST_FINAL_STRATEGY_V02,364990,TIGER 게임TOP10,KR7364990002,2026-04-24,2026-04-27,6005.0,2026-06-10,2026-06-11,2026-06-11,4975.0,4975.0,-17.15237302248127,-17.342703655751713,0.00015,0.001,0.0,REALIZED,LOSS_GUARD_CLOSE_LE_NEG_15,30,2023-10-06,2026-08-31,KRX_RAW_ETF_OHLCV,ETF_PIT_LISTED_2Y_CLOSE_1000_VOL20_10000_V01,SECTOR_INDUSTRY,B,2023-10-31,"""{\""canonical_entry_stage\"": \""TRANSITION\"", \""canonical_exit_type\"": \""LOSS_GUARD_CLOSE_LE_NEG_15\"", \""canonical_trade_id\"": \""364990_02\"", \""julia_support_fill_adapter\"": false}""",
PATTERN_A_FAST_FINAL_STRATEGY_V02,381170,TIGER 미국테크TOP10 INDXX,KR7381170000,2026-04-24,2026-04-27,32190.0,,,2026-08-31,,30650.0,-4.78409443926685,-4.893481201862526,0.00015,0.001,0.0,OPEN_AT_CUTOFF,NO_EXIT_BEFORE_CUTOFF,85,2024-03-29,2026-08-31,KRX_RAW_ETF_OHLCV,ETF_PIT_LISTED_2Y_CLOSE_1000_VOL20_10000_V01,SECTOR_INDUSTRY,B,2024-04-30,"""{\""canonical_entry_stage\"": \""TRANSITION\"", \""canonical_exit_type\"": \""NO_EXIT_BEFORE_CUTOFF\"", \""canonical_trade_id\"": \""381170_01\"", \""julia_support_fill_adapter\"": false}""",
PATTERN_A_FAST_FINAL_STRATEGY_V02,419650,PLUS 글로벌수소&차세대연료전지,KR7419650007,2026-04-24,2026-04-27,6440.0,2026-07-31,2026-08-03,2026-08-03,5225.0,5225.0,-18.866459627329192,-19.052852390549724,0.00015,0.001,0.0,REALIZED,EXIT4_SCORE_DRAWDOWN_GE_15,66,2025-01-31,2026-08-31,KRX_RAW_ETF_OHLCV,ETF_PIT_LISTED_2Y_CLOSE_1000_VOL20_10000_V01,SECTOR_INDUSTRY,A,2025-01-31,"""{\""canonical_entry_stage\"": \""TRANSITION\"", \""canonical_exit_type\"": \""EXIT4_SCORE_DRAWDOWN_GE_15\"", \""canonical_trade_id\"": \""419650_01\"", \""julia_support_fill_adapter\"": false}""",
PATTERN_A_FAST_FINAL_STRATEGY_V02,448300,TIGER 미국나스닥100(H),KR7448300004,2026-04-24,2026-04-27,21305.0,,,2026-08-31,,22885.0,7.416099507157936,7.29269681191973,0.00015,0.001,0.0,OPEN_AT_CUTOFF,NO_PROGRESSED_BEFORE_CUTOFF,85,2025-10-31,2026-08-31,KRX_RAW_ETF_OHLCV,ETF_PIT_LISTED_2Y_CLOSE_1000_VOL20_10000_V01,MARKET_INDEX,A,2025-10-31,"""{\""canonical_entry_stage\"": \""TRANSITION\"", \""canonical_exit_type\"": \""NO_PROGRESSED_BEFORE_CUTOFF\"", \""canonical_trade_id\"": \""448300_01\"", \""julia_support_fill_adapter\"": false}""",
PATTERN_A_FAST_FINAL_STRATEGY_V02,449190,KODEX 미국나스닥100(H),KR7449190008,2026-04-24,2026-04-27,20655.0,,,2026-08-31,,22175.0,7.358992979908008,7.235655890285786,0.00015,0.001,0.0,OPEN_AT_CUTOFF,NO_PROGRESSED_BEFORE_CUTOFF,85,2025-11-28,2026-08-31,KRX_RAW_ETF_OHLCV,ETF_PIT_LISTED_2Y_CLOSE_1000_VOL20_10000_V01,MARKET_INDEX,B,2025-12-30,"""{\""canonical_entry_stage\"": \""TRANSITION\"", \""canonical_exit_type\"": \""NO_PROGRESSED_BEFORE_CUTOFF\"", \""canonical_trade_id\"": \""449190_01\"", \""julia_support_fill_adapter\"": false}""",
PATTERN_A_FAST_FINAL_STRATEGY_V02,449780,KIWOOM 미국S&P500(H),KR7449780006,2026-04-24,2026-04-27,17545.0,,,2026-08-31,,18685.0,6.497577657452269,6.375230186453318,0.00015,0.001,0.0,OPEN_AT_CUTOFF,NO_PROGRESSED_BEFORE_CUTOFF,85,2025-11-28,2026-08-31,KRX_RAW_ETF_OHLCV,ETF_PIT_LISTED_2Y_CLOSE_1000_VOL20_10000_V01,MARKET_INDEX,B,2025-12-30,"""{\""canonical_entry_stage\"": \""TRANSITION\"", \""canonical_exit_type\"": \""NO_PROGRESSED_BEFORE_CUTOFF\"", \""canonical_trade_id\"": \""449780_01\"", \""julia_support_fill_adapter\"": false}""",
PATTERN_A_FAST_FINAL_STRATEGY_V02,453080,KIWOOM 미국나스닥100(H),KR7453080004,2026-04-24,2026-04-27,21375.0,,,2026-08-31,,22845.0,6.877192982456148,6.754409398486483,0.00015,0.001,0.0,OPEN_AT_CUTOFF,NO_PROGRESSED_BEFORE_CUTOFF,85,2026-02-27,2026-08-31,KRX_RAW_ETF_OHLCV,ETF_PIT_LISTED_2Y_CLOSE_1000_VOL20_10000_V01,MARKET_INDEX,B,2026-03-31,"""{\""canonical_entry_stage\"": \""TRANSITION\"", \""canonical_exit_type\"": \""NO_PROGRESSED_BEFORE_CUTOFF\"", \""canonical_trade_id\"": \""453080_01\"", \""julia_support_fill_adapter\"": false}""",
PATTERN_A_FAST_FINAL_STRATEGY_V02,314250,KODEX 미국빅테크10(H),KR7314250002,2026-07-03,2026-07-06,58275.0,,,2026-08-31,,62955.0,8.030888030888029,7.906779048964863,0.00015,0.001,0.0,OPEN_AT_CUTOFF,NO_PROGRESSED_BEFORE_CUTOFF,39,2022-01-07,2026-08-31,KRX_RAW_ETF_OHLCV,ETF_PIT_LISTED_2Y_CLOSE_1000_VOL20_10000_V01,SECTOR_INDUSTRY,B,2022-01-28,"""{\""canonical_entry_stage\"": \""EARLY_TREND\"", \""canonical_exit_type\"": \""NO_PROGRESSED_BEFORE_CUTOFF\"", \""canonical_trade_id\"": \""314250_03\"", \""julia_support_fill_adapter\"": false}""",
PATTERN_A_FAST_FINAL_STRATEGY_V02,444490,WON 미국S&P500,KR7444490007,2026-07-31,2026-08-03,20515.0,,,2026-08-31,,20050.0,-2.2666341701194304,-2.3789130632597244,0.00015,0.001,0.0,OPEN_AT_CUTOFF,NO_PROGRESSED_BEFORE_CUTOFF,20,2025-10-10,2026-08-31,KRX_RAW_ETF_OHLCV,ETF_PIT_LISTED_2Y_CLOSE_1000_VOL20_10000_V01,MARKET_INDEX,A,2025-10-10,"""{\""canonical_entry_stage\"": \""TRANSITION\"", \""canonical_exit_type\"": \""NO_PROGRESSED_BEFORE_CUTOFF\"", \""canonical_trade_id\"": \""444490_01\"", \""julia_support_fill_adapter\"": false}""",
PATTERN_A_FAST_FINAL_STRATEGY_V02,453640,KODEX 미국S&P500헬스케어,KR7453640005,2026-07-31,2026-08-03,14145.0,,,2026-08-31,,14130.0,-0.10604453870625141,-0.22080557916938082,0.00015,0.001,0.0,OPEN_AT_CUTOFF,NO_PROGRESSED_BEFORE_CUTOFF,20,2026-02-27,2026-08-31,KRX_RAW_ETF_OHLCV,ETF_PIT_LISTED_2Y_CLOSE_1000_VOL20_10000_V01,SECTOR_INDUSTRY,B,2026-03-31,"""{\""canonical_entry_stage\"": \""EARLY_TREND\"", \""canonical_exit_type\"": \""NO_PROGRESSED_BEFORE_CUTOFF\"", \""canonical_trade_id\"": \""453640_01\"", \""julia_support_fill_adapter\"": false}""",
PATTERN_A_FAST_FINAL_STRATEGY_V02,228790,TIGER 화장품,KR7228790002,2026-08-14,2026-08-18,4400.0,,,2026-08-31,,5025.0,14.204545454545459,14.07334399794622,0.00015,0.001,0.0,OPEN_AT_CUTOFF,NO_PROGRESSED_BEFORE_CUTOFF,10,2018-09-28,2026-08-31,KRX_RAW_ETF_OHLCV,ETF_PIT_LISTED_2Y_CLOSE_1000_VOL20_10000_V01,SECTOR_INDUSTRY,B,2018-10-31,"""{\""canonical_entry_stage\"": \""TRANSITION\"", \""canonical_exit_type\"": \""NO_PROGRESSED_BEFORE_CUTOFF\"", \""canonical_trade_id\"": \""228790_03\"", \""julia_support_fill_adapter\"": false}""",
PATTERN_A_FAST_FINAL_STRATEGY_V02,266410,KODEX 필수소비재,KR7266410000,2026-08-28,2026-08-31,10555.0,,,2026-08-31,,10630.0,0.710563713879675,0.594864530439998,0.00015,0.001,0.0,OPEN_AT_CUTOFF,NO_PROGRESSED_BEFORE_CUTOFF,1,2020-02-28,2026-08-31,KRX_RAW_ETF_OHLCV,ETF_PIT_LISTED_2Y_CLOSE_1000_VOL20_10000_V01,SECTOR_INDUSTRY,B,2020-03-31,"""{\""canonical_entry_stage\"": \""TRANSITION\"", \""canonical_exit_type\"": \""NO_PROGRESSED_BEFORE_CUTOFF\"", \""canonical_trade_id\"": \""266410_03\"", \""julia_support_fill_adapter\"": false}""",
